201703
Max threads OMP : 12 OpenMP version: 202011 :OpenMP 5.1 (2021) active
PARAMETR_SIZE: 42; MAX_VALUE_SIZE: 4; SET_PARAMETR_SIZE_ONE_X: 21; ANT_SIZE: 500; MAX_THREAD_CUDA: 256; NAME_FILE_GRAPH: Parametr_Graph/test42_4.txt; KOL_ITERATION: 500; KOL_PROGREV: 0; KOL_PROGON_STATISTICS: 50; PARAMETR_RO: 0.999; PARAMETR_Q: 1; PRINT_INFORMATION: 0; MAX_PARAMETR_VALUE_TO_MIN_OPT: 1000; OPTIMIZE: OPTIMIZE_MIN_1 ; FUNCTION: SHAFFERA BALANCED: BALANCED_TIME_GPU_FUNCTION BALANCED_TIME_OMP_FUNCTION BALANCED_ADD_TIME_OMP_ADD_AND_DECREASE INITIAL_CPU_ANTS_RATIO: 0.5; MIN_BALANSED_ANT: 10; HASH_TABLE_SIZE: 67108864; ZERO_HASH_RESULT: -1; ZERO_HASH: 100000000000; MAX_PROBES: 10000
=== CUDA + OpenMP Hybrid Pipeline Test ===
0 Time Hybrid OMP;347.98; 256.431; 255.906; 162.846; 80.5036; 80.7953; 255.737; 12.8522; 191.526; 48.1237; 0; 0; 0; 0.00123111; 1; 1; 1; 500; 500; 0; 
1 Time Hybrid OMP;226.283; 219.755; 219.358; 134.756; 78.4435; 74.9925; 219.4; 10.2518; 158.713; 47.6817; 0; 0; 0; 0.00149606; 1; 1; 1; 500; 500; 0; 
2 Time Hybrid OMP;186.386; 179.952; 179.545; 115.252; 72.0601; 56.0368; 179.589; 10.0574; 131.703; 35.4944; 0; 0; 0; 0.00176413; 1; 1; 1; 500; 500; 0; 
3 Time Hybrid OMP;200.337; 194.106; 193.737; 122.097; 64.5747; 61.7612; 193.776; 9.8508; 146.103; 35.2547; 0; 0; 0; 0.00212776; 1; 1; 1; 500; 500; 0; 
4 Time Hybrid OMP;190.38; 184.89; 184.538; 116.776; 62.2769; 58.0775; 184.492; 10.684; 135.153; 36.2116; 0; 0; 0; 0.00212717; 1; 1; 1; 500; 500; 0; 
5 Time Hybrid OMP;227.285; 221.813; 221.372; 136.774; 64.3838; 70.2256; 221.415; 11.3082; 166.255; 40.795; 0; 0; 0; 0.00212717; 1; 1; 1; 500; 500; 0; 
6 Time Hybrid OMP;172.667; 167.176; 166.831; 101.784; 60.9443; 57.1513; 166.799; 10.6095; 120.097; 33.7749; 0; 0; 0; 0.00142435; 1; 1; 1; 500; 500; 0; 
7 Time Hybrid OMP;226.067; 220.604; 220.241; 142.274; 63.4117; 65.8738; 220.194; 10.7892; 166.091; 40.2897; 0; 0; 0; 0.00218798; 1; 1; 1; 500; 500; 0; 
8 Time Hybrid OMP;169.106; 163.637; 163.248; 101.639; 59.7106; 53.6589; 163.294; 10.5072; 117.769; 32.6844; 0; 0; 0; 0.00212717; 1; 1; 1; 500; 500; 0; 
9 Time Hybrid OMP;187.26; 181.887; 181.507; 110.236; 57.9405; 61.9139; 181.553; 10.6712; 133.7; 34.656; 0; 0; 0; 0.00123951; 1; 1; 1; 500; 500; 0; 
10 Time Hybrid OMP;172.465; 167.343; 166.988; 103.327; 56.1451; 55.3242; 166.941; 10.6341; 119.967; 33.9381; 0; 0; 0; 0.00212717; 1; 1; 1; 500; 500; 0; 
11 Time Hybrid OMP;220.968; 215.845; 215.363; 135.793; 59.0336; 67.8285; 215.468; 10.7492; 163.012; 38.5245; 0; 0; 0; 0.00129327; 1; 1; 1; 500; 500; 0; 
12 Time Hybrid OMP;164.883; 159.661; 159.232; 95.9299; 55.5064; 55.3544; 159.28; 10.7099; 112.367; 33.8778; 0; 0; 0; 0.00123098; 1; 1; 1; 500; 500; 0; 
13 Time Hybrid OMP;196.131; 191.003; 190.576; 117.369; 57.5373; 63.1485; 190.616; 10.6816; 141.195; 36.0328; 0; 0; 0; 0.0108572; 1; 1; 1; 500; 500; 0; 
14 Time Hybrid OMP;162.095; 156.999; 156.589; 95.1927; 55.6092; 53.6472; 156.636; 10.6142; 111.105; 32.6344; 0; 0; 0; 0.00212776; 1; 1; 1; 500; 500; 0; 
15 Time Hybrid OMP;183.062; 177.924; 177.547; 106.901; 56.7103; 61.6596; 177.588; 10.7201; 130.31; 34.0761; 0; 0; 0; 0.00212717; 1; 1; 1; 500; 500; 0; 
16 Time Hybrid OMP;173.855; 168.759; 168.44; 104.225; 56.3309; 55.7434; 168.398; 10.7458; 121.011; 34.2565; 0; 0; 0; 0.00212717; 1; 1; 1; 500; 500; 0; 
17 Time Hybrid OMP;223.285; 218.197; 217.612; 137.446; 59.2712; 68.1503; 217.655; 10.7939; 165.123; 38.4704; 0; 0; 0; 0.00212717; 1; 1; 1; 500; 500; 0; 
18 Time Hybrid OMP;165.253; 160.149; 159.744; 95.6221; 55.7061; 56.0992; 159.781; 11.0739; 112.427; 33.9505; 0; 0; 0; 0.00212717; 1; 1; 1; 500; 500; 0; 
19 Time Hybrid OMP;192.122; 187.022; 186.622; 114.848; 57.4837; 62.0073; 186.713; 10.6728; 138.377; 35.0277; 0; 0; 0; 0.00212717; 1; 1; 1; 500; 500; 0; 
20 Time Hybrid OMP;166.082; 160.937; 160.519; 98.3691; 55.871; 54.0363; 160.562; 10.6836; 114.795; 32.7332; 0; 0; 0; 0.00212717; 1; 1; 1; 500; 500; 0; 
21 Time Hybrid OMP;186.785; 181.657; 181.271; 109.752; 57.0039; 62.2441; 181.291; 10.8291; 133.278; 34.6038; 0; 0; 0; 0.00212717; 1; 1; 1; 500; 500; 0; 
22 Time Hybrid OMP;171.29; 166.195; 165.809; 102.43; 56.2989; 55.1702; 165.766; 10.7488; 118.885; 33.7493; 0; 0; 0; 0.00212717; 1; 1; 1; 500; 500; 0; 
23 Time Hybrid OMP;213.613; 208.468; 208.128; 130.509; 59.0258; 66.1303; 208.168; 11.29; 156.331; 37.4893; 0; 0; 0; 0.00212717; 1; 1; 1; 500; 500; 0; 
24 Time Hybrid OMP;165.478; 160.405; 160.001; 96.4233; 55.7722; 55.6394; 159.949; 11.0419; 113.088; 33.5146; 0; 0; 0; 0.00212717; 1; 1; 1; 500; 500; 0; 
25 Time Hybrid OMP;192.158; 187.019; 186.603; 114.647; 57.3495; 62.2821; 186.653; 10.5785; 138.311; 35.1136; 0; 0; 0; 0.00126215; 1; 1; 1; 500; 500; 0; 
26 Time Hybrid OMP;162.886; 157.787; 157.371; 95.814; 55.7379; 53.7153; 157.419; 10.7181; 111.812; 32.5969; 0; 0; 0; 0.00212717; 1; 1; 1; 500; 500; 0; 
27 Time Hybrid OMP;191.125; 186.017; 185.649; 112.605; 57.4711; 63.2405; 185.69; 11.1344; 136.46; 35.5373; 0; 0; 0; 0.00212717; 1; 1; 1; 500; 500; 0; 
28 Time Hybrid OMP;174.536; 169.362; 169.015; 103.755; 56.4632; 56.669; 168.974; 11.1349; 120.873; 34.5413; 0; 0; 0; 0.00212717; 1; 1; 1; 500; 500; 0; 
29 Time Hybrid OMP;212.792; 207.682; 207.3; 128.769; 58.7978; 66.8714; 207.249; 11.6521; 154.435; 38.1794; 0; 0; 0; 0.00212717; 1; 1; 1; 500; 500; 0; 
30 Time Hybrid OMP;163.372; 158.239; 157.811; 95.4356; 55.5838; 54.5943; 157.855; 10.6628; 111.522; 33.3891; 0; 0; 0; 0.00141491; 1; 1; 1; 500; 500; 0; 
31 Time Hybrid OMP;193.974; 188.873; 188.495; 115.321; 57.599; 63.2945; 188.541; 11.2292; 139.291; 35.3958; 0; 0; 0; 0.00129334; 1; 1; 1; 500; 500; 0; 
32 Time Hybrid OMP;166.344; 161.092; 160.712; 96.8725; 55.7412; 55.6412; 160.655; 11.2949; 113.456; 33.5561; 0; 0; 0; 0.0013004; 1; 1; 1; 500; 500; 0; 
33 Time Hybrid OMP;221.995; 216.879; 216.431; 134.093; 58.63; 71.0167; 216.494; 14.3893; 157.423; 41.766; 0; 0; 0; 0.00135358; 1; 1; 1; 500; 500; 0; 
34 Time Hybrid OMP;171.931; 166.655; 166.262; 101.624; 56.2398; 56.1078; 166.308; 11.0932; 118.86; 33.9285; 0; 0; 0; 0.00212717; 1; 1; 1; 500; 500; 0; 
35 Time Hybrid OMP;216.147; 210.982; 210.565; 132.958; 59.1177; 66.0941; 210.612; 10.7992; 159.257; 37.3762; 0; 0; 0; 0.00212717; 1; 1; 1; 500; 500; 0; 
36 Time Hybrid OMP;163.824; 158.68; 158.288; 95.3599; 55.6671; 55.0349; 158.326; 10.8546; 112.051; 33.1156; 0; 0; 0; 0.00228942; 1; 1; 1; 500; 500; 0; 
37 Time Hybrid OMP;194.047; 188.846; 188.376; 115.829; 57.4505; 62.6853; 188.485; 10.9575; 139.596; 35.2869; 0; 0; 0; 0.00212718; 1; 1; 1; 500; 500; 0; 
38 Time Hybrid OMP;162.187; 157.091; 156.714; 94.5533; 55.5538; 54.4806; 156.746; 10.6803; 110.446; 33.3433; 0; 0; 0; 0.00212717; 1; 1; 1; 500; 500; 0; 
39 Time Hybrid OMP;190.85; 185.754; 185.39; 112.963; 57.1912; 62.8737; 185.432; 10.5087; 136.819; 35.5442; 0; 0; 0; 0.0231561; 1; 1; 1; 500; 500; 0; 
40 Time Hybrid OMP;173.727; 168.619; 168.281; 103.772; 56.5148; 56.0978; 168.238; 10.7468; 120.879; 34.2215; 0; 0; 0; 0.00126647; 1; 1; 1; 500; 500; 0; 
41 Time Hybrid OMP;213.642; 208.541; 208.174; 131.268; 58.7807; 65.6069; 208.216; 10.7344; 156.911; 37.4322; 0; 0; 0; 0.00129334; 1; 1; 1; 500; 500; 0; 
42 Time Hybrid OMP;164.014; 158.954; 158.546; 96.0366; 55.6227; 54.5118; 158.594; 10.8558; 112.672; 32.7739; 0; 0; 0; 0.00302629; 1; 1; 1; 500; 500; 0; 
43 Time Hybrid OMP;190.869; 185.703; 185.316; 112.844; 57.306; 62.7979; 185.358; 11.0201; 136.598; 35.1491; 0; 0; 0; 0.00231559; 1; 1; 1; 500; 500; 0; 
44 Time Hybrid OMP;160.296; 155.208; 154.805; 93.9803; 55.5566; 53.2473; 154.843; 10.7845; 109.741; 32.0622; 0; 0; 0; 0.00213918; 1; 1; 1; 500; 500; 0; 
45 Time Hybrid OMP;192.16; 186.942; 186.568; 113.128; 57.4481; 63.6606; 186.611; 11.7872; 137.2; 35.1422; 0; 0; 0; 0.00212717; 1; 1; 1; 500; 500; 0; 
46 Time Hybrid OMP;179.726; 174.577; 174.164; 103.864; 56.5137; 61.6292; 174.203; 12.776; 123.725; 35.2811; 0; 0; 0; 0.00135359; 1; 1; 1; 500; 500; 0; 
47 Time Hybrid OMP;191.473; 186.388; 185.957; 112.383; 57.2735; 63.6715; 186.041; 11.9305; 135.42; 36.2221; 0; 0; 0; 0.00212717; 1; 1; 1; 500; 500; 0; 
48 Time Hybrid OMP;178.825; 173.715; 173.339; 99.5508; 56.341; 65.0838; 173.378; 13.0232; 121.331; 36.6073; 0; 0; 0; 0.00212717; 1; 1; 1; 500; 500; 0; 
49 Time Hybrid OMP;182.843; 177.65; 177.174; 106.941; 56.7543; 60.9979; 177.218; 11.3507; 128.754; 34.5312; 0; 0; 0; 0.00212729; 1; 1; 1; 500; 500; 0; 
Time Hybrid OMP:;9532.732900;sec
0 Time Hybrid OMP non hash;121.422; 120.956; 120.585; 52.9473; 18.3481; 59.697; 120.627; 10.7752; 69.1873; 38.4008; 0; 0; 0; 0.00123123; 0.999999; 1; 1; 500; 500; 0; 
1 Time Hybrid OMP non hash;145.973; 145.451; 145.049; 69.4972; 20.3932; 65.2875; 145.094; 11.5575; 94.9946; 35.8971; 0; 0; 0; 0.00123007; 0.999998; 1; 1; 500; 500; 0; 
2 Time Hybrid OMP non hash;130.014; 129.552; 129.168; 59.6774; 18.9734; 60.8428; 129.21; 10.8091; 77.0309; 39.0424; 0; 0; 0; 0.00123158; 0.999999; 1; 1; 500; 500; 0; 
3 Time Hybrid OMP non hash;163.616; 163.139; 162.801; 81.1929; 22.0168; 70.0452; 162.756; 11.2388; 107.449; 41.0324; 0; 0; 0; 0.00123048; 1; 1; 1; 500; 500; 0; 
4 Time Hybrid OMP non hash;123.105; 122.635; 122.268; 53.5339; 18.4406; 60.7256; 122.311; 10.9477; 70.4466; 38.6639; 0; 0; 0; 0.00123016; 0.999989; 1; 1; 500; 500; 0; 
5 Time Hybrid OMP non hash;142.55; 142.072; 141.732; 67.483; 20.0579; 64.4252; 141.778; 11.1866; 92.8659; 35.1672; 0; 0; 0; 0.00123005; 0.999992; 1; 1; 500; 500; 0; 
6 Time Hybrid OMP non hash;120.778; 120.329; 119.945; 52.709; 18.2861; 59.4545; 119.987; 10.586; 68.7017; 38.3984; 0; 0; 0; 0.00123095; 1; 1; 1; 500; 500; 0; 
7 Time Hybrid OMP non hash;138.487; 137.957; 137.619; 64.8429; 19.6616; 63.3576; 137.659; 10.797; 90.0194; 34.3433; 0; 0; 0; 0.00123005; 0.999988; 1; 1; 500; 500; 0; 
8 Time Hybrid OMP non hash;128.76; 128.314; 127.964; 59.3427; 19.1284; 60.1671; 128.003; 10.6218; 76.1159; 38.9071; 0; 0; 0; 0.00123096; 0.999999; 1; 1; 500; 500; 0; 
9 Time Hybrid OMP non hash;160.329; 159.84; 159.47; 79.7887; 21.6977; 68.478; 159.511; 10.6278; 105.313; 40.5427; 0; 0; 0; 0.00123202; 0.999999; 1; 1; 500; 500; 0; 
10 Time Hybrid OMP non hash;119.732; 119.288; 118.944; 51.5961; 18.1712; 59.7516; 118.982; 10.8166; 67.4398; 38.4842; 0; 0; 0; 0.00123184; 0.999999; 1; 1; 500; 500; 0; 
11 Time Hybrid OMP non hash;142.314; 141.854; 141.464; 67.689; 20.0833; 64.1711; 141.555; 10.7816; 93.1273; 35.0276; 0; 0; 0; 0.00123017; 0.99999; 1; 1; 500; 500; 0; 
12 Time Hybrid OMP non hash;127.042; 126.59; 126.235; 58.7752; 22.3091; 59.5766; 126.265; 10.6498; 74.8031; 38.5153; 0; 0; 0; 0.00123005; 0.999987; 1; 1; 500; 500; 0; 
13 Time Hybrid OMP non hash;153.635; 153.145; 152.804; 78.0097; 28.3901; 64.5947; 152.834; 10.7956; 104.364; 35.0839; 0; 0; 0; 0.00123006; 0.999986; 1; 1; 500; 500; 0; 
14 Time Hybrid OMP non hash;142.466; 142.015; 141.687; 75.3266; 27.5708; 57.8403; 141.727; 11.7939; 92.4665; 35.0504; 0; 0; 0; 0.00123005; 0.999999; 1; 1; 500; 500; 0; 
15 Time Hybrid OMP non hash;167.139; 166.629; 166.266; 89.3195; 30.7465; 65.6847; 166.307; 10.8424; 114.01; 38.5359; 0; 0; 0; 0.00123718; 0.999999; 1; 1; 500; 500; 0; 
16 Time Hybrid OMP non hash;136.344; 135.877; 135.525; 67.8796; 28.07; 59.6022; 135.562; 10.6022; 84.2142; 38.4904; 0; 0; 0; 0.00123018; 0.999981; 1; 1; 500; 500; 0; 
17 Time Hybrid OMP non hash;156.287; 155.776; 155.416; 81.7234; 30.2849; 63.8279; 155.458; 10.6944; 107.827; 34.3665; 0; 0; 0; 0.00123213; 1; 1; 1; 500; 500; 0; 
18 Time Hybrid OMP non hash;137.759; 137.285; 136.935; 70.341; 29.19; 58.5368; 136.973; 10.6397; 86.6369; 37.429; 0; 0; 0; 0.00123011; 0.999993; 1; 1; 500; 500; 0; 
19 Time Hybrid OMP non hash;157.319; 156.84; 156.513; 81.5753; 30.8852; 64.9976; 156.553; 11.0924; 107.712; 35.15; 0; 0; 0; 0.00123053; 0.999991; 1; 1; 500; 500; 0; 
20 Time Hybrid OMP non hash;145.567; 145.084; 144.721; 76.0385; 30.3816; 60.1025; 144.762; 10.6312; 93.033; 38.7313; 0; 0; 0; 0.00123068; 0.99999; 1; 1; 500; 500; 0; 
21 Time Hybrid OMP non hash;183.009; 182.482; 182.088; 100.303; 34.8764; 69.7423; 182.187; 10.8179; 127.304; 40.9994; 0; 0; 0; 0.00123006; 0.999988; 1; 1; 500; 500; 0; 
22 Time Hybrid OMP non hash;143.773; 143.253; 142.88; 73.5276; 31.2332; 60.691; 142.922; 11.2072; 91.4781; 37.9005; 0; 0; 0; 0.00123022; 0.999999; 1; 1; 500; 500; 0; 
23 Time Hybrid OMP non hash;162.1; 161.554; 161.142; 86.4233; 33.7518; 64.6294; 161.176; 11.141; 112.583; 34.8832; 0; 0; 0; 0.001232; 0.99999; 1; 1; 500; 500; 0; 
24 Time Hybrid OMP non hash;142.047; 141.481; 141.108; 73.4644; 32.2552; 59.6098; 141.149; 11.5952; 89.8449; 37.4664; 0; 0; 0; 0.00123013; 1; 1; 1; 500; 500; 0; 
25 Time Hybrid OMP non hash;146.697; 146.168; 145.826; 75.4125; 32.6719; 62.2405; 145.868; 11.0478; 101.535; 31.0268; 0; 0; 0; 0.00123142; 0.999993; 1; 1; 500; 500; 0; 
26 Time Hybrid OMP non hash;148.177; 147.668; 147.305; 78.7157; 32.9822; 60.1765; 147.344; 11.5236; 95.5614; 37.9607; 0; 0; 0; 0.00123293; 0.999999; 1; 1; 500; 500; 0; 
27 Time Hybrid OMP non hash;234.978; 234.452; 234.074; 140.355; 40.6723; 78.6531; 234.115; 11.6088; 174.192; 44.4332; 0; 0; 0; 0.00123553; 1; 1; 1; 500; 500; 0; 
28 Time Hybrid OMP non hash;159.844; 159.309; 158.926; 90.7165; 34.3951; 59.8819; 158.964; 11.2041; 107.621; 37.9081; 0; 0; 0; 0.00123021; 0.999999; 1; 1; 500; 500; 0; 
29 Time Hybrid OMP non hash;169.142; 168.575; 168.182; 96.6652; 35.3362; 62.3597; 168.279; 11.0283; 122.569; 32.3208; 0; 0; 0; 0.00123005; 0.999988; 1; 1; 500; 500; 0; 
30 Time Hybrid OMP non hash;162.801; 162.277; 161.942; 91.4546; 34.8017; 61.8383; 161.983; 11.8419; 108.453; 39.4811; 0; 0; 0; 0.00123459; 0.999999; 1; 1; 500; 500; 0; 
31 Time Hybrid OMP non hash;167.726; 167.192; 166.824; 94.3798; 35.5164; 63.3049; 166.887; 11.2844; 121.434; 31.8771; 0; 0; 0; 0.00123008; 0.999991; 1; 1; 500; 500; 0; 
32 Time Hybrid OMP non hash;168.461; 167.88; 167.517; 97.2746; 35.8789; 61.1186; 167.559; 11.5271; 115.067; 38.6477; 0; 0; 0; 0.00123008; 0.999991; 1; 1; 500; 500; 0; 
33 Time Hybrid OMP non hash;223.446; 222.892; 222.53; 133.562; 41.7946; 74.329; 222.569; 11.8886; 164.763; 42.4491; 0; 0; 0; 0.00123298; 0.999999; 1; 1; 500; 500; 0; 
34 Time Hybrid OMP non hash;164.906; 164.383; 164.056; 93.8649; 36.2844; 61.4996; 164.092; 11.5939; 111.528; 38.6754; 0; 0; 0; 0.00123017; 1; 1; 1; 500; 500; 0; 
35 Time Hybrid OMP non hash;171.043; 170.476; 170.144; 97.7765; 36.9623; 63.3294; 170.186; 11.1622; 124.189; 32.4628; 0; 0; 0; 0.0012335; 1; 1; 1; 500; 500; 0; 
^C