201703
Max threads OMP : 12 OpenMP version: 202011 :OpenMP 5.1 (2021) active
PARAMETR_SIZE: 42; MAX_VALUE_SIZE: 4; SET_PARAMETR_SIZE_ONE_X: 21; ANT_SIZE: 500; MAX_THREAD_CUDA: 256; NAME_FILE_GRAPH: Parametr_Graph/test42_4.txt; KOL_ITERATION: 500; KOL_PROGREV: 0; KOL_PROGON_STATISTICS: 50; PARAMETR_RO: 0.999; PARAMETR_Q: 1; PRINT_INFORMATION: 0; MAX_PARAMETR_VALUE_TO_MIN_OPT: 1000; OPTIMIZE: OPTIMIZE_MIN_1 ; FUNCTION: SHAFFERA BALANCED: BALANCED_TIME_GPU_FUNCTION BALANCED_TIME_OMP_FUNCTION BALANCED_ADD_TIME_OMP_ADD_AND_DECREASE INITIAL_CPU_ANTS_RATIO: 0.5; MIN_BALANSED_ANT: 10; HASH_TABLE_SIZE: 67108864; ZERO_HASH_RESULT: -1; ZERO_HASH: 100000000000; MAX_PROBES: 10000
=== CUDA + OpenMP Hybrid Pipeline Test ===
0 Time Hybrid OMP;385.878; 295.108; 294.597; 196.446; 81.9226; 81.7225; 294.588; 16.0829; 222.026; 53.0222; 0; 0; 0; 0.00212717; 1; 1; 1; 500; 500; 0; 
1 Time Hybrid OMP;247.884; 241.365; 241; 154.115; 79.3011; 74.6678; 241.039; 9.9786; 182.681; 45.7959; 0; 0; 0; 0.00212717; 1; 1; 1; 500; 500; 0; 
2 Time Hybrid OMP;184.228; 177.802; 177.444; 113.204; 72.0443; 55.592; 177.411; 10.7576; 130.098; 34.3287; 0; 0; 0; 0.00212717; 1; 1; 1; 500; 500; 0; 
3 Time Hybrid OMP;196.964; 190.806; 190.354; 117.854; 65.6028; 62.5811; 190.302; 11.7777; 142.519; 33.5728; 0; 0; 0; 0.00126094; 1; 1; 1; 500; 500; 0; 
4 Time Hybrid OMP;182.922; 177.491; 177.078; 108.015; 60.6797; 59.8298; 177.127; 11.3503; 125.764; 37.6148; 0; 0; 0; 0.0016161; 1; 1; 1; 500; 500; 0; 
5 Time Hybrid OMP;216.696; 211.282; 210.845; 135.715; 62.4163; 62.9983; 210.888; 10.7994; 157.485; 39.7296; 0; 0; 0; 0.00212717; 1; 1; 1; 500; 500; 0; 
6 Time Hybrid OMP;170.981; 165.498; 165.035; 100.662; 59.5599; 55.8136; 165.073; 10.8521; 117.88; 33.9995; 0; 0; 0; 0.00212741; 1; 1; 1; 500; 500; 0; 
7 Time Hybrid OMP;198.976; 193.571; 193.065; 115.542; 60.9917; 67.3622; 193.105; 11.8384; 140.273; 38.4249; 0; 0; 0; 0.00212717; 1; 1; 1; 500; 500; 0; 
8 Time Hybrid OMP;171.535; 166.126; 165.739; 99.5455; 58.5292; 57.3174; 165.778; 11.8085; 117.126; 34.4519; 0; 0; 0; 0.00216341; 1; 1; 1; 500; 500; 0; 
9 Time Hybrid OMP;187.392; 182.214; 181.821; 107.015; 57.3878; 64.9566; 181.858; 11.9917; 132.053; 35.2951; 0; 0; 0; 0.0191242; 1; 1; 1; 500; 500; 0; 
10 Time Hybrid OMP;172.805; 167.65; 167.324; 102.867; 56.6066; 55.6172; 167.277; 10.7713; 119.987; 34.1632; 0; 0; 0; 0.00212717; 1; 1; 1; 500; 500; 0; 
11 Time Hybrid OMP;211.314; 206.202; 205.82; 131.871; 58.7932; 61.9939; 205.859; 10.678; 153.078; 39.2651; 0; 0; 0; 0.00212717; 1; 1; 1; 500; 500; 0; 
12 Time Hybrid OMP;164.116; 158.931; 158.513; 95.0038; 55.2172; 55.1024; 158.556; 11.0174; 111.975; 33.2681; 0; 0; 0; 0.00223038; 1; 1; 1; 500; 500; 0; 
13 Time Hybrid OMP;195.978; 190.825; 190.424; 117.1; 57.476; 63.0228; 190.464; 10.5642; 142.235; 35.0497; 0; 0; 0; 0.00134366; 1; 1; 1; 500; 500; 0; 
14 Time Hybrid OMP;180.078; 174.984; 174.598; 109.331; 58.6729; 56.3282; 174.637; 10.889; 126.702; 34.5786; 0; 0; 0; 0.00212717; 1; 1; 1; 500; 500; 0; 
15 Time Hybrid OMP;202.059; 196.832; 196.474; 120.819; 57.7091; 64.7336; 196.427; 10.0995; 149.251; 34.5216; 0; 0; 0; 0.00212717; 1; 1; 1; 500; 500; 0; 
16 Time Hybrid OMP;181.406; 176.286; 175.893; 109.31; 56.5969; 56.8384; 175.933; 10.6091; 127.332; 35.5782; 0; 0; 0; 0.00203739; 1; 1; 1; 500; 500; 0; 
17 Time Hybrid OMP;194.688; 189.514; 188.915; 113.195; 57.0525; 64.7809; 188.951; 12.6098; 134.876; 38.9442; 0; 0; 0; 0.00162947; 1; 1; 1; 500; 500; 0; 
18 Time Hybrid OMP;164.467; 159.28; 158.912; 94.7457; 55.39; 55.6297; 158.952; 11.1846; 111.825; 33.6601; 0; 0; 0; 0.00142034; 1; 1; 1; 500; 500; 0; 
19 Time Hybrid OMP;199.221; 193.969; 193.543; 119.537; 57.6148; 63.2673; 193.58; 10.5309; 144.716; 35.6446; 0; 0; 0; 0.00212717; 1; 1; 1; 500; 500; 0; 
20 Time Hybrid OMP;165.112; 159.91; 159.542; 95.9183; 55.3701; 55.081; 159.581; 10.8534; 112.725; 33.713; 0; 0; 0; 0.00136014; 1; 1; 1; 500; 500; 0; 
21 Time Hybrid OMP;201.938; 196.695; 196.311; 119.885; 57.5467; 65.5866; 196.354; 10.5433; 148.099; 34.9143; 0; 0; 0; 0.00212717; 1; 1; 1; 500; 500; 0; 
22 Time Hybrid OMP;175.905; 170.691; 170.332; 105.189; 56.3113; 56.0611; 170.285; 10.7761; 122.531; 34.5759; 0; 0; 0; 0.00212717; 1; 1; 1; 500; 500; 0; 
23 Time Hybrid OMP;231.122; 225.859; 225.44; 145.192; 59.808; 66.9104; 225.487; 11.8363; 168.428; 42.0597; 0; 0; 0; 0.0013549; 1; 1; 1; 500; 500; 0; 
24 Time Hybrid OMP;164.405; 159.221; 158.838; 94.9602; 55.3366; 55.6103; 158.879; 10.9898; 111.633; 33.9798; 0; 0; 0; 0.00212717; 1; 1; 1; 500; 500; 0; 
25 Time Hybrid OMP;195.018; 189.797; 189.39; 116.434; 57.3547; 62.5098; 189.432; 10.9212; 141.217; 34.7113; 0; 0; 0; 0.00135543; 1; 1; 1; 500; 500; 0; 
26 Time Hybrid OMP;167.232; 162.027; 161.63; 97.6467; 55.5023; 55.3773; 161.67; 11.0337; 114.503; 33.792; 0; 0; 0; 0.00212717; 1; 1; 1; 500; 500; 0; 
27 Time Hybrid OMP;196.26; 191.074; 190.65; 115.348; 57.1371; 64.7858; 190.701; 10.8037; 142.768; 34.4376; 0; 0; 0; 0.00212717; 1; 1; 1; 500; 500; 0; 
28 Time Hybrid OMP;176.548; 171.345; 170.929; 103.452; 56.1386; 58.3727; 170.967; 11.7176; 121.266; 35.5689; 0; 0; 0; 0.00225078; 1; 1; 1; 500; 500; 0; 
29 Time Hybrid OMP;234.999; 229.799; 229.407; 148.51; 59.8245; 67.2315; 229.448; 11.6283; 171.439; 43.0891; 0; 0; 0; 0.00228482; 1; 1; 1; 500; 500; 0; 
30 Time Hybrid OMP;160.999; 155.81; 155.385; 92.7245; 55.118; 54.9243; 155.483; 10.8596; 108.934; 33.4532; 0; 0; 0; 0.00129213; 1; 1; 1; 500; 500; 0; 
31 Time Hybrid OMP;179.955; 174.75; 174.43; 103.834; 56.2802; 61.7924; 174.375; 11.0697; 127.312; 33.5757; 0; 0; 0; 0.0025219; 1; 1; 1; 500; 500; 0; 
32 Time Hybrid OMP;161.606; 156.398; 155.98; 93.4293; 55.3198; 54.3402; 156.026; 11.2073; 109.918; 32.6631; 0; 0; 0; 0.00135358; 1; 1; 1; 500; 500; 0; 
33 Time Hybrid OMP;169.54; 164.333; 163.956; 95.0947; 55.4813; 60.4922; 163.997; 10.9341; 119.169; 31.6131; 0; 0; 0; 0.00125499; 1; 1; 1; 500; 500; 0; 
34 Time Hybrid OMP;174.306; 169.035; 168.659; 102.525; 56.2035; 57.2559; 168.607; 11.4971; 119.85; 34.8759; 0; 0; 0; 0.00212733; 1; 1; 1; 500; 500; 0; 
35 Time Hybrid OMP;240.501; 235.27; 234.9; 154.003; 60.1985; 67.1424; 234.94; 11.1957; 176.647; 43.7131; 0; 0; 0; 0.00212717; 1; 1; 1; 500; 500; 0; 
36 Time Hybrid OMP;169.901; 164.703; 164.303; 97.0336; 55.6666; 58.4438; 164.348; 11.8463; 114.841; 35.3032; 0; 0; 0; 0.00212717; 1; 1; 1; 500; 500; 0; 
37 Time Hybrid OMP;195.493; 190.3; 189.934; 116.761; 57.4294; 62.5513; 189.972; 10.8663; 141.254; 35.2105; 0; 0; 0; 0.00611499; 1; 1; 1; 500; 500; 0; 
38 Time Hybrid OMP;162.963; 157.745; 157.327; 94.9776; 55.4409; 54.0784; 157.367; 10.6822; 111.475; 32.9344; 0; 0; 0; 0.00212717; 1; 1; 1; 500; 500; 0; 
39 Time Hybrid OMP;196.83; 191.62; 191.219; 116.383; 57.4323; 64.2859; 191.261; 10.578; 143.895; 34.0876; 0; 0; 0; 0.00212717; 1; 1; 1; 500; 500; 0; 
40 Time Hybrid OMP;172.018; 166.791; 166.383; 101.479; 56.0948; 56.0272; 166.425; 11.1223; 118.905; 34.0506; 0; 0; 0; 0.00212717; 1; 1; 1; 500; 500; 0; 
41 Time Hybrid OMP;226.934; 221.698; 221.263; 132.405; 59.5967; 74.0372; 221.302; 14.0977; 158.319; 45.8607; 0; 0; 0; 0.00212717; 1; 1; 1; 500; 500; 0; 
42 Time Hybrid OMP;181.393; 175.931; 175.41; 103.082; 56.3785; 61.9538; 175.467; 13.2001; 124.163; 35.5629; 0; 0; 0; 0.00212717; 1; 1; 1; 500; 500; 0; 
43 Time Hybrid OMP;187.198; 181.993; 181.561; 106.229; 56.7352; 64.6032; 181.606; 13.0617; 130.03; 35.9549; 0; 0; 0; 0.00212718; 1; 1; 1; 500; 500; 0; 
44 Time Hybrid OMP;169.878; 164.642; 164.229; 96.9519; 55.724; 58.0677; 164.213; 12.2752; 115.013; 34.5402; 0; 0; 0; 0.00203465; 1; 1; 1; 500; 500; 0; 
45 Time Hybrid OMP;196.669; 191.376; 190.834; 115.469; 57.5388; 64.2321; 190.945; 12.9617; 138.878; 36.4405; 0; 0; 0; 0.00212717; 1; 1; 1; 500; 500; 0; 
46 Time Hybrid OMP;187.368; 182.1; 181.767; 111.962; 57.1711; 59.4972; 181.723; 12.3131; 131.722; 35.1085; 0; 0; 0; 0.00213328; 1; 1; 1; 500; 500; 0; 
47 Time Hybrid OMP;198.563; 193.371; 192.974; 116.12; 57.5305; 65.7352; 192.928; 13.142; 139.861; 37.2017; 0; 0; 0; 0.00214523; 1; 1; 1; 500; 500; 0; 
48 Time Hybrid OMP;168.372; 163.143; 162.747; 93.3959; 55.2546; 61.0056; 162.782; 12.4295; 115.104; 32.9283; 0; 0; 0; 0.00212717; 1; 1; 1; 500; 500; 0; 
49 Time Hybrid OMP;180.835; 175.663; 175.306; 102.838; 55.9169; 62.6833; 175.343; 12.8939; 126.242; 33.7651; 0; 0; 0; 0.00212717; 1; 1; 1; 500; 500; 0; 
Time Hybrid OMP:;9645.735200;sec
0 Time Hybrid OMP non hash;121.619; 121.14; 120.781; 53.3523; 18.2546; 58.5897; 120.818; 12.0025; 70.8292; 35.6781; 0; 0; 0; 0.00123192; 0.999994; 1; 1; 500; 500; 0; 
1 Time Hybrid OMP non hash;153.208; 152.774; 152.213; 75.809; 20.9843; 64.7465; 152.25; 12.1193; 101.398; 35.9721; 0; 0; 0; 0.0012347; 0.999988; 1; 1; 500; 500; 0; 
2 Time Hybrid OMP non hash;122.527; 121.987; 121.597; 53.5042; 18.2033; 59.7141; 121.645; 13.5279; 70.2492; 35.5614; 0; 0; 0; 0.00123188; 0.999999; 1; 1; 500; 500; 0; 
3 Time Hybrid OMP non hash;155.503; 155.047; 154.689; 76.0533; 21.1015; 66.5767; 154.73; 13.07; 101.121; 37.5944; 0; 0; 0; 0.00123008; 0.999988; 1; 1; 500; 500; 0; 
4 Time Hybrid OMP non hash;119.302; 118.817; 118.481; 50.0244; 17.7124; 60.5976; 118.519; 13.5491; 66.7378; 36.013; 0; 0; 0; 0.00123092; 0.999999; 1; 1; 500; 500; 0; 
5 Time Hybrid OMP non hash;124.562; 124.055; 123.644; 51.1165; 17.7846; 64.6054; 123.708; 13.3948; 76.8381; 31.2289; 0; 0; 0; 0.00123079; 1; 1; 1; 500; 500; 0; 
6 Time Hybrid OMP non hash;118.71; 118.236; 117.82; 50.2885; 17.7827; 59.5457; 117.913; 13.34; 66.5152; 35.8872; 0; 0; 0; 0.00123009; 0.99999; 1; 1; 500; 500; 0; 
7 Time Hybrid OMP non hash;128.998; 128.276; 127.944; 54.0696; 18.1938; 65.3181; 127.981; 13.4233; 79.9682; 32.2516; 0; 0; 0; 0.00123008; 1; 1; 1; 500; 500; 0; 
8 Time Hybrid OMP non hash;124.773; 124.237; 123.841; 54.6696; 18.3818; 60.8571; 123.934; 13.524; 71.1401; 37.011; 0; 0; 0; 0.00123027; 1; 1; 1; 500; 500; 0; 
9 Time Hybrid OMP non hash;198.597; 198.082; 197.704; 109.936; 25.0909; 73.1388; 197.744; 12.7962; 135.344; 45.9609; 0; 0; 0; 0.00123005; 0.999988; 1; 1; 500; 500; 0; 
10 Time Hybrid OMP non hash;122.676; 122.253; 121.897; 51.7329; 17.938; 62.1255; 121.936; 11.4235; 71.1318; 37.1212; 0; 0; 0; 0.00123006; 0.999999; 1; 1; 500; 500; 0; 
11 Time Hybrid OMP non hash;189.324; 188.843; 188.484; 98.5867; 24.4216; 76.8359; 188.518; 11.0856; 133.553; 40.8227; 0; 0; 0; 0.00123027; 0.999999; 1; 1; 500; 500; 0; 
12 Time Hybrid OMP non hash;131.442; 130.947; 130.589; 63.7737; 26.011; 58.6761; 130.631; 11.0034; 80.0838; 37.3601; 0; 0; 0; 0.00123043; 1; 1; 1; 500; 500; 0; 
13 Time Hybrid OMP non hash;139.266; 138.75; 138.348; 66.9763; 26.6226; 62.718; 138.445; 10.9584; 94.0616; 31.1148; 0; 0; 0; 0.0012306; 1; 1; 1; 500; 500; 0; 
14 Time Hybrid OMP non hash;139.076; 138.579; 138.232; 70.1826; 27.0411; 59.5385; 138.273; 11.0644; 86.9511; 37.9648; 0; 0; 0; 0.00123006; 0.99999; 1; 1; 500; 500; 0; 
15 Time Hybrid OMP non hash;197.278; 196.745; 196.358; 112.927; 33.9124; 69.2599; 196.455; 11.2775; 136.788; 45.0349; 0; 0; 0; 0.00123006; 0.999988; 1; 1; 500; 500; 0; 
16 Time Hybrid OMP non hash;135.59; 135.043; 134.667; 68.18; 27.999; 58.3477; 134.729; 10.9707; 84.8005; 36.7453; 0; 0; 0; 0.00123005; 0.999999; 1; 1; 500; 500; 0; 
17 Time Hybrid OMP non hash;148.448; 147.924; 147.551; 75.2736; 29.4051; 63.154; 147.593; 11.1682; 101.49; 32.5482; 0; 0; 0; 0.0012329; 0.999999; 1; 1; 500; 500; 0; 
18 Time Hybrid OMP non hash;136.37; 135.87; 135.507; 69.0589; 28.8551; 58.1085; 135.548; 11.0789; 85.6518; 36.631; 0; 0; 0; 0.00123499; 0.999984; 1; 1; 500; 500; 0; 
19 Time Hybrid OMP non hash;143.125; 142.606; 142.262; 71.2593; 29.663; 62.3585; 142.313; 11.0452; 98.1253; 30.8675; 0; 0; 0; 0.00123109; 0.999987; 1; 1; 500; 500; 0; 
20 Time Hybrid OMP non hash;146.355; 145.865; 145.533; 76.7311; 30.8251; 59.7908; 145.572; 11.2465; 94.0955; 37.9097; 0; 0; 0; 0.00123007; 0.999999; 1; 1; 500; 500; 0; 
21 Time Hybrid OMP non hash;199.177; 198.625; 198.212; 114.917; 36.7045; 69.1217; 198.305; 11.2752; 139.157; 44.5784; 0; 0; 0; 0.00123008; 0.999999; 1; 1; 500; 500; 0; 
22 Time Hybrid OMP non hash;139.657; 139.142; 138.8; 71.8819; 30.9668; 58.8011; 138.84; 11.1729; 88.4738; 36.9422; 0; 0; 0; 0.00123008; 1; 1; 1; 500; 500; 0; 
23 Time Hybrid OMP non hash;163.03; 162.479; 162.061; 82.3865; 32.7156; 70.4723; 162.152; 12.376; 110.608; 36.718; 0; 0; 0; 0.00123519; 0.999999; 1; 1; 500; 500; 0; 
24 Time Hybrid OMP non hash;161.689; 161.182; 160.845; 91.7254; 34.7947; 58.5558; 160.886; 11.2156; 110.566; 36.474; 0; 0; 0; 0.0012319; 0.999996; 1; 1; 500; 500; 0; 
25 Time Hybrid OMP non hash;163.451; 162.888; 162.506; 91.8201; 33.322; 61.4272; 162.541; 10.9001; 118.196; 31.1589; 0; 0; 0; 0.00123016; 0.999984; 1; 1; 500; 500; 0; 
26 Time Hybrid OMP non hash;167.502; 166.995; 166.627; 97.0231; 34.4586; 59.8251; 166.665; 11.1561; 114.964; 38.235; 0; 0; 0; 0.00123008; 1; 1; 1; 500; 500; 0; 
27 Time Hybrid OMP non hash;223.065; 222.496; 222.133; 137.65; 40.6047; 69.3177; 222.174; 11.3943; 162.612; 44.9014; 0; 0; 0; 0.0012341; 1; 1; 1; 500; 500; 0; 
28 Time Hybrid OMP non hash;160.761; 160.226; 159.846; 92.1452; 34.647; 58.8217; 159.928; 10.9867; 109.54; 37.1807; 0; 0; 0; 0.0012301; 0.999992; 1; 1; 500; 500; 0; 
29 Time Hybrid OMP non hash;181.76; 181.186; 180.777; 101.691; 36.5588; 67.6621; 180.816; 12.297; 128.99; 36.9306; 0; 0; 0; 0.00123481; 0.999991; 1; 1; 500; 500; 0; 
30 Time Hybrid OMP non hash;164.977; 164.454; 164.1; 93.9532; 35.4724; 60.1837; 164.138; 11.569; 112.632; 37.6434; 0; 0; 0; 0.00123037; 0.999987; 1; 1; 500; 500; 0; 
31 Time Hybrid OMP non hash;170.014; 169.455; 169.065; 95.3341; 35.7652; 63.9269; 169.104; 11.5335; 121.941; 33.297; 0; 0; 0; 0.00123005; 0.999999; 1; 1; 500; 500; 0; 
32 Time Hybrid OMP non hash;173.229; 172.668; 172.31; 100.818; 36.8189; 61.1795; 172.35; 11.5878; 119.82; 38.584; 0; 0; 0; 0.00123008; 1; 1; 1; 500; 500; 0; 
33 Time Hybrid OMP non hash;211.39; 210.825; 210.493; 127.548; 41.0368; 68.4824; 210.537; 12.4775; 152.7; 42.3424; 0; 0; 0; 0.00123098; 1; 1; 1; 500; 500; 0; 
34 Time Hybrid OMP non hash;200.682; 200.15; 199.753; 106.452; 39.5571; 78.0636; 199.813; 15.9611; 134.075; 46.7691; 0; 0; 0; 0.00123058; 1; 1; 1; 500; 500; 0; 
35 Time Hybrid OMP non hash;188.56; 188.009; 187.625; 105.727; 39.1844; 69.3408; 187.662; 13.5431; 134.292; 37.2205; 0; 0; 0; 0.00123138; 0.999999; 1; 1; 500; 500; 0; 
36 Time Hybrid OMP non hash;170.591; 170.114; 169.742; 98.2983; 38.6785; 60.712; 169.784; 13.2392; 118.022; 36.1629; 0; 0; 0; 0.00123006; 1; 1; 1; 500; 500; 0; 
37 Time Hybrid OMP non hash;178.224; 177.644; 177.277; 100.389; 38.4881; 66.4559; 177.313; 13.4011; 126.267; 35.3409; 0; 0; 0; 0.00123008; 0.999999; 1; 1; 500; 500; 0; 
38 Time Hybrid OMP non hash;174.287; 173.72; 173.385; 102.344; 38.7092; 61.1221; 173.421; 13.7108; 120.764; 36.6453; 0; 0; 0; 0.00123023; 0.999997; 1; 1; 500; 500; 0; 
39 Time Hybrid OMP non hash;208.194; 207.634; 207.211; 127.559; 42.8585; 66.1055; 207.305; 10.7258; 150.377; 43.3981; 0; 0; 0; 0.00123007; 0.999999; 1; 1; 500; 500; 0; 
40 Time Hybrid OMP non hash;170.457; 169.923; 169.56; 99.2482; 38.9437; 60.5054; 169.601; 10.8979; 117.624; 38.8135; 0; 0; 0; 0.00123085; 0.999996; 1; 1; 500; 500; 0; 
41 Time Hybrid OMP non hash;189.506; 188.938; 188.549; 111.567; 40.8545; 65.6187; 188.643; 10.7869; 139.641; 35.6872; 0; 0; 0; 0.00123075; 0.999998; 1; 1; 500; 500; 0; 
42 Time Hybrid OMP non hash;168.929; 168.381; 168.003; 99.4648; 39.3308; 58.9544; 168.095; 10.7105; 117.247; 37.9074; 0; 0; 0; 0.00123028; 1; 1; 1; 500; 500; 0; 
43 Time Hybrid OMP non hash;179.68; 179.104; 178.728; 103.04; 39.6902; 65.4253; 178.764; 11.3359; 131.092; 33.9723; 0; 0; 0; 0.00123005; 0.999999; 1; 1; 500; 500; 0; 
44 Time Hybrid OMP non hash;181.406; 180.869; 180.476; 105.683; 40.7153; 63.6402; 180.538; 12.7101; 125.477; 40.1092; 0; 0; 0; 0.00123102; 1; 1; 1; 500; 500; 0; 
45 Time Hybrid OMP non hash;235.532; 234.949; 234.615; 147.09; 47.0221; 71.3298; 234.656; 12.6303; 173.302; 45.5722; 0; 0; 0; 0.00123006; 0.999994; 1; 1; 500; 500; 0; 
46 Time Hybrid OMP non hash;168.953; 168.392; 168.065; 98.9933; 40.4408; 59.9826; 168.103; 10.9462; 116.649; 38.2414; 0; 0; 0; 0.00123578; 0.999991; 1; 1; 500; 500; 0; 
47 Time Hybrid OMP non hash;186.777; 186.212; 185.846; 107.385; 41.7802; 68.1577; 185.888; 10.966; 135.936; 36.5846; 0; 0; 0; 0.00123045; 0.999979; 1; 1; 500; 500; 0; 
48 Time Hybrid OMP non hash;171.348; 170.809; 170.448; 100.194; 40.9313; 60.5522; 170.492; 11.2812; 118.327; 38.6787; 0; 0; 0; 0.00123007; 0.999999; 1; 1; 500; 500; 0; 
49 Time Hybrid OMP non hash;179.557; 179.012; 178.68; 101.486; 41.302; 67.5077; 178.714; 11.0312; 129.434; 35.9493; 0; 0; 0; 0.00123017; 1; 1; 1; 500; 500; 0; 
Time Hybrid OMP non hash:;8244.451400;sec
0 Time Hybrid OMP parallel 1/2;353.662; 274.223; 273.627; 196.187; 128.148; 66.4995; 273.754; 15.4857; 217.331; 36.0568; 273.509; 92.4289; 179.769; 0.00123482; 1; 0.5; 0.5; 500; 1000; 95266; 
1 Time Hybrid OMP parallel 1/2;350.626; 272.035; 271.522; 187.742; 118.018; 71.85; 271.583; 15.3054; 215.002; 36.0948; 271.482; 108.146; 161.785; 0.00129334; 1; 0.5; 0.5; 500; 1000; 95627; 
2 Time Hybrid OMP parallel 1/2;357.898; 268.759; 268.34; 179.098; 113.776; 77.4282; 268.002; 15.5786; 210.316; 36.8775; 268.181; 113.972; 152.753; 0.0012862; 1; 0.5; 0.5; 500; 1000; 95630; 
3 Time Hybrid OMP parallel 1/2;302.299; 230.455; 230.012; 157.866; 105.402; 63.1376; 229.827; 14.8256; 175.912; 34.4483; 229.761; 87.2249; 141.167; 0.00129334; 1; 0.5; 0.5; 500; 1000; 95155; 
4 Time Hybrid OMP parallel 1/2;278.867; 211.024; 210.484; 133.275; 91.9394; 68.6461; 210.53; 14.9861; 159.402; 31.2918; 210.638; 75.0517; 134.228; 0.00129142; 1; 0.5; 0.5; 500; 1000; 95418; 
5 Time Hybrid OMP parallel 1/2;259.517; 198.37; 197.675; 121.969; 76.894; 67.3125; 197.587; 16.2452; 142.127; 34.5959; 197.854; 88.697; 107.88; 0.00129226; 1; 0.5; 0.5; 500; 1000; 95843; 
6 Time Hybrid OMP parallel 1/2;257.836; 193.36; 192.822; 115.553; 76.2425; 68.69; 192.947; 15.3091; 140.953; 32.048; 192.784; 84.025; 107.446; 0.00123011; 1; 0.5; 0.5; 500; 1000; 95021; 
7 Time Hybrid OMP parallel 1/2;244.217; 180.542; 180.008; 108.745; 70.3996; 63.249; 180.05; 15.0007; 127.505; 32.9584; 180.106; 83.9486; 94.902; 0.00126511; 1; 0.5; 0.5; 500; 1000; 95333; 
8 Time Hybrid OMP parallel 1/2;259.957; 194.615; 194.068; 109.979; 70.7004; 75.7977; 194.166; 15.321; 142.498; 31.4966; 193.926; 81.5078; 111.273; 0.00135358; 1; 0.5; 0.5; 500; 1000; 95708; 
9 Time Hybrid OMP parallel 1/2;278.327; 213.924; 213.253; 128.21; 74.7053; 76.0082; 213.426; 16.5009; 153.597; 38.6119; 213.328; 91.5784; 120.372; 0.00123179; 1; 0.5; 0.5; 500; 1000; 95129; 
10 Time Hybrid OMP parallel 1/2;276.325; 207.117; 206.603; 121.888; 71.2415; 75.0058; 206.465; 15.3811; 152.687; 33.4564; 206.345; 101.895; 103.227; 0.00129322; 1; 0.5; 0.5; 500; 1000; 95006; 
11 Time Hybrid OMP parallel 1/2;256.59; 195.898; 195.423; 113.771; 70.8442; 72.8697; 195.242; 15.3817; 141.303; 33.9093; 195.333; 97.1346; 96.9082; 0.00129132; 1; 0.5; 0.5; 500; 1000; 94993; 
12 Time Hybrid OMP parallel 1/2;261.571; 196.851; 196.332; 115.478; 71.2061; 71.1411; 196.387; 15.2939; 143.447; 32.6657; 196.263; 83.0984; 111.781; 0.00128612; 1; 0.5; 0.5; 500; 1000; 95511; 
13 Time Hybrid OMP parallel 1/2;258.305; 191.683; 191.151; 110.935; 66.7492; 71.4441; 190.991; 16.1489; 136.44; 33.7501; 191.204; 91.9076; 97.9406; 0.00124109; 1; 0.5; 0.5; 500; 1000; 94819; 
14 Time Hybrid OMP parallel 1/2;243.961; 184.921; 184.436; 105.436; 66.248; 70.6276; 184.579; 15.789; 130.934; 33.1876; 184.488; 91.9492; 91.2595; 0.00132257; 1; 0.5; 0.5; 500; 1000; 95503; 
15 Time Hybrid OMP parallel 1/2;247.341; 177.858; 177.43; 103.274; 64.5608; 65.8838; 177.375; 15.4143; 124.167; 33.1673; 177.324; 85.8529; 90.2547; 0.00127052; 1; 0.5; 0.5; 500; 1000; 95019; 
16 Time Hybrid OMP parallel 1/2;255.069; 186.241; 185.452; 109.763; 64.8859; 66.8539; 185.708; 15.2115; 133.898; 31.6845; 185.259; 87.8936; 96.018; 0.00123329; 1; 0.5; 0.5; 500; 1000; 94667; 
17 Time Hybrid OMP parallel 1/2;274.475; 211.387; 210.728; 127.382; 66.7615; 72.018; 210.782; 16.3778; 152.941; 36.2026; 210.685; 87.8874; 121.041; 0.00129334; 1; 0.5; 0.5; 500; 1000; 94622; 
18 Time Hybrid OMP parallel 1/2;265.391; 197.075; 196.657; 111.03; 65.6143; 75.3184; 196.611; 16.0964; 140.679; 34.8594; 196.568; 96.403; 98.6334; 0.00132894; 1; 0.5; 0.5; 500; 1000; 95348; 
19 Time Hybrid OMP parallel 1/2;248.179; 180.814; 180.328; 105.61; 64.7386; 65.9689; 180.407; 15.2927; 127.149; 33.2832; 180.27; 87.5748; 91.391; 0.00130792; 1; 0.5; 0.5; 500; 1000; 95434; 
20 Time Hybrid OMP parallel 1/2;246.966; 181.947; 181.475; 104.15; 64.498; 69.1665; 181.551; 15.079; 130.892; 30.8404; 181.422; 77.1258; 103.024; 0.00135358; 1; 0.5; 0.5; 500; 1000; 95743; 
21 Time Hybrid OMP parallel 1/2;259.603; 194.58; 194.185; 117.562; 72.9015; 68.1992; 194.111; 16.42; 138.57; 34.5663; 194.066; 89.2917; 103.433; 0.00129314; 1; 0.5; 0.5; 500; 1000; 95889; 
22 Time Hybrid OMP parallel 1/2;252.016; 190.637; 190.159; 114.409; 75.7179; 67.3444; 190.07; 15.8244; 135.595; 33.9727; 190.225; 88.4706; 100.426; 0.0012829; 1; 0.5; 0.5; 500; 1000; 95182; 
23 Time Hybrid OMP parallel 1/2;266.774; 197.261; 196.841; 120.347; 77.4132; 67.3523; 196.741; 15.471; 142.594; 34.0013; 196.664; 90.1554; 105.143; 0.00135361; 1; 0.5; 0.5; 500; 1000; 95493; 
24 Time Hybrid OMP parallel 1/2;257.523; 197.299; 196.769; 119.909; 79.7798; 68.5089; 196.867; 14.8757; 146.23; 31.074; 196.718; 73.6673; 121.639; 0.00135062; 1; 0.5; 0.5; 500; 1000; 95875; 
25 Time Hybrid OMP parallel 1/2;270.719; 204.289; 203.632; 127.491; 81.6308; 67.2883; 203.807; 16.3826; 149.087; 33.6673; 203.574; 88.5494; 113.68; 0.0012406; 1; 0.5; 0.5; 500; 1000; 95585; 
26 Time Hybrid OMP parallel 1/2;263.949; 202.232; 201.776; 124.361; 84.0032; 68.6349; 201.697; 15.6489; 148.398; 32.9545; 201.83; 87.2984; 113.151; 0.00123109; 1; 0.5; 0.5; 500; 1000; 94949; 
27 Time Hybrid OMP parallel 1/2;256.545; 194.344; 193.764; 121.111; 81.9455; 64.3014; 193.596; 15.6397; 138.967; 34.4008; 193.919; 83.9975; 108.691; 0.00124054; 1; 0.5; 0.5; 500; 1000; 95777; 
28 Time Hybrid OMP parallel 1/2;262.186; 200.98; 200.216; 123.126; 82.1442; 68.6891; 200.523; 14.9969; 149.276; 31.3772; 200.03; 76.204; 122.495; 0.00169316; 1; 0.5; 0.5; 500; 1000; 95202; 
29 Time Hybrid OMP parallel 1/2;288.096; 227.855; 227.287; 143.93; 84.2528; 72.4508; 227.407; 15.9224; 170.915; 35.7158; 227.241; 95.6754; 130.123; 0.00125416; 1; 0.5; 0.5; 500; 1000; 95199; 
30 Time Hybrid OMP parallel 1/2;296.344; 229.416; 228.889; 125.026; 82.0677; 93.9289; 228.847; 16.1522; 173.543; 34.3286; 228.952; 119.144; 108.478; 0.00127483; 1; 0.5; 0.5; 500; 1000; 95257; 
31 Time Hybrid OMP parallel 1/2;263.415; 194.124; 193.367; 120.43; 78.8831; 64.4036; 193.441; 15.2064; 139.31; 34.3119; 193.618; 82.3093; 110.181; 0.00129334; 1; 0.5; 0.5; 500; 1000; 95859; 
32 Time Hybrid OMP parallel 1/2;259.711; 194.316; 193.6; 117.956; 78.1215; 67.649; 193.886; 14.9667; 143.132; 31.126; 193.704; 72.4654; 120.037; 0.00212717; 1; 0.5; 0.5; 500; 1000; 95327; 
33 Time Hybrid OMP parallel 1/2;272.616; 209.673; 209.135; 137.397; 74.6569; 62.1071; 208.958; 16.0252; 153.329; 34.941; 208.877; 86.6751; 120.989; 0.00140489; 1; 0.5; 0.5; 500; 1000; 95894; 
34 Time Hybrid OMP parallel 1/2;252.604; 190.366; 189.905; 110.856; 72.1094; 70.4694; 189.571; 15.6486; 135.744; 33.4881; 189.769; 87.414; 101.161; 0.00123853; 1; 0.5; 0.5; 500; 1000; 95351; 
35 Time Hybrid OMP parallel 1/2;246.252; 182.417; 181.961; 110.039; 71.9118; 64.0533; 181.678; 15.4362; 128.429; 33.285; 181.87; 82.0446; 98.684; 0.00123046; 1; 0.5; 0.5; 500; 1000; 95769; 
36 Time Hybrid OMP parallel 1/2;249.036; 190.483; 189.836; 111.039; 72.0598; 70.8312; 189.929; 14.9709; 139.241; 31.0759; 189.792; 76.3447; 112.228; 0.00128068; 1; 0.5; 0.5; 500; 1000; 95008; 
37 Time Hybrid OMP parallel 1/2;245.102; 185.729; 185.129; 110.309; 68.9279; 66.888; 185.232; 15.9921; 130.905; 33.8123; 185.014; 87.2204; 96.6067; 0.00123789; 1; 0.5; 0.5; 500; 1000; 95091; 
38 Time Hybrid OMP parallel 1/2;272.634; 200.51; 199.879; 108.741; 68.7629; 82.1453; 200.025; 12.842; 150.748; 31.6604; 199.925; 100.453; 98.1511; 0.00130564; 1; 0.5; 0.5; 500; 1000; 95335; 
39 Time Hybrid OMP parallel 1/2;240.425; 179.966; 179.467; 106.496; 68.334; 64.8016; 179.309; 15.2664; 126.571; 32.8755; 179.242; 84.3234; 93.6781; 0.00135358; 1; 0.5; 0.5; 500; 1000; 95850; 
40 Time Hybrid OMP parallel 1/2;243.443; 184.054; 183.53; 107.788; 68.5743; 67.7247; 183.608; 14.6665; 133.987; 30.3233; 183.37; 74.9216; 107.192; 0.00128348; 1; 0.5; 0.5; 500; 1000; 95872; 
41 Time Hybrid OMP parallel 1/2;247.738; 187.868; 187.425; 111.408; 69.0771; 67.7642; 187.144; 15.7336; 133.239; 33.508; 187.304; 87.6907; 98.3215; 0.00164007; 1; 0.5; 0.5; 500; 1000; 95226; 
42 Time Hybrid OMP parallel 1/2;240.711; 182.885; 182.294; 107.843; 68.347; 66.344; 182.428; 15.5269; 129.702; 32.5894; 182.344; 85.7355; 95.3467; 0.00123006; 1; 0.5; 0.5; 500; 1000; 95643; 
43 Time Hybrid OMP parallel 1/2;263.061; 196.277; 195.851; 123.328; 78.305; 63.7941; 195.797; 14.5362; 142.444; 34.0923; 195.753; 81.958; 112.555; 0.00138887; 1; 0.5; 0.5; 500; 1000; 95669; 
44 Time Hybrid OMP parallel 1/2;242.934; 182.401; 181.905; 106.251; 68.0336; 67.5563; 181.962; 14.9727; 131.595; 30.6446; 181.859; 73.1908; 107.395; 0.00137475; 1; 0.5; 0.5; 500; 1000; 95416; 
45 Time Hybrid OMP parallel 1/2;249.145; 186.671; 186.269; 111.05; 68.7339; 66.9784; 186.133; 16.1863; 131.789; 33.5664; 186.088; 88.0145; 96.8095; 0.00129334; 1; 0.5; 0.5; 500; 1000; 95082; 
46 Time Hybrid OMP parallel 1/2;241.93; 183.021; 182.376; 107.315; 68.2238; 66.6787; 182.631; 15.8086; 128.669; 33.451; 182.555; 87.8902; 93.3845; 0.00123124; 1; 0.5; 0.5; 500; 1000; 95356; 
47 Time Hybrid OMP parallel 1/2;241.162; 179.158; 178.664; 105.747; 67.8904; 64.8906; 178.539; 15.1659; 126.094; 32.7304; 178.746; 85.6839; 91.8518; 0.00128738; 1; 0.5; 0.5; 500; 1000; 95009; 
48 Time Hybrid OMP parallel 1/2;246.95; 185.352; 184.701; 107.662; 68.3273; 69.0272; 184.895; 14.9365; 134.429; 30.8664; 184.624; 76.2351; 107.135; 0.00126375; 1; 0.5; 0.5; 500; 1000; 95524; 
49 Time Hybrid OMP parallel 1/2;246.841; 186.575; 186.039; 111.031; 68.7412; 67.1962; 186.093; 16.163; 131.448; 33.9014; 185.997; 88.1301; 96.7506; 0.00133986; 1; 0.5; 0.5; 500; 1000; 95377; 
Time Hybrid OMP parallel 1/2:;15157.920300;sec
0 Time Hybrid OMP parallel 1/2 non hash;153.946; 153.166; 152.67; 63.0956; 24.5056; 80.6158; 152.775; 13.682; 104.591; 29.7197; 152.63; 94.9886; 56.622; 0.00123007; 1; 0.5; 0.5; 500; 1000; 0; 
1 Time Hybrid OMP parallel 1/2 non hash;164.136; 163.581; 163.123; 74.7093; 27.4746; 78.4369; 163.177; 13.2298; 116.533; 28.8068; 163.097; 90.4016; 71.6992; 0.00123016; 1; 0.5; 0.5; 500; 1000; 0; 
2 Time Hybrid OMP parallel 1/2 non hash;139.126; 138.559; 138.175; 60.4567; 24.878; 69.9016; 138.218; 13.5671; 91.3488; 28.5449; 138.13; 76.0896; 60.9676; 0.0012325; 1; 0.5; 0.5; 500; 1000; 0; 
3 Time Hybrid OMP parallel 1/2 non hash;146.768; 146.236; 145.86; 64.3761; 27.0533; 73.103; 145.903; 13.3849; 99.9935; 27.9489; 145.824; 91.0804; 53.8291; 0.0012333; 0.999985; 0.5; 0.5; 500; 1000; 0; 
4 Time Hybrid OMP parallel 1/2 non hash;154.938; 154.398; 153.993; 66.7057; 27.6991; 78.4834; 154.047; 13.6125; 107.627; 28.1089; 153.956; 98.3174; 54.6955; 0.00123034; 1; 0.5; 0.5; 500; 1000; 0; 
5 Time Hybrid OMP parallel 1/2 non hash;164.604; 164.028; 163.671; 77.756; 29.9861; 76.0209; 163.718; 13.1516; 117.365; 28.5495; 163.63; 91.5948; 71.0485; 0.00123022; 0.999998; 0.5; 0.5; 500; 1000; 0; 
6 Time Hybrid OMP parallel 1/2 non hash;143.8; 143.225; 142.781; 66.4097; 27.5267; 68.4516; 142.822; 13.5095; 96.0943; 28.564; 142.749; 77.3627; 64.3669; 0.00123035; 1; 0.5; 0.5; 500; 1000; 0; 
7 Time Hybrid OMP parallel 1/2 non hash;147.462; 146.96; 146.564; 66.7386; 29.7452; 71.3123; 146.606; 13.1144; 101.147; 27.7893; 146.517; 92.5023; 53.1424; 0.00123023; 0.999999; 0.5; 0.5; 500; 1000; 0; 
8 Time Hybrid OMP parallel 1/2 non hash;155.587; 155.016; 154.628; 70.4503; 30.4282; 75.379; 154.67; 13.4653; 108.374; 28.1295; 154.588; 99.2982; 54.3329; 0.00123424; 0.999989; 0.5; 0.5; 500; 1000; 0; 
9 Time Hybrid OMP parallel 1/2 non hash;155.034; 154.475; 154.109; 76.0723; 31.8518; 68.8506; 154.148; 13.1571; 107.942; 28.482; 154.07; 88.5744; 64.5272; 0.00123006; 1; 0.5; 0.5; 500; 1000; 0; 
10 Time Hybrid OMP parallel 1/2 non hash;147.24; 146.69; 146.314; 67.9643; 29.7756; 70.3454; 146.353; 13.4271; 99.1894; 28.9151; 146.273; 78.7278; 66.3911; 0.00123135; 0.99999; 0.5; 0.5; 500; 1000; 0; 
11 Time Hybrid OMP parallel 1/2 non hash;148.312; 147.789; 147.419; 68.8893; 32.0627; 70.0453; 147.46; 13.4078; 101.448; 28.0096; 147.392; 92.6151; 53.9216; 0.0012469; 1; 0.5; 0.5; 500; 1000; 0; 
12 Time Hybrid OMP parallel 1/2 non hash;150.767; 150.212; 149.804; 72.5127; 32.3874; 68.5497; 149.846; 13.5499; 103.121; 28.5059; 149.762; 93.1792; 55.6; 0.00123006; 0.999999; 0.5; 0.5; 500; 1000; 0; 
13 Time Hybrid OMP parallel 1/2 non hash;156.835; 156.245; 155.932; 79.8066; 34.2907; 66.6024; 155.887; 13.4649; 108.794; 29.0438; 155.847; 87.3556; 67.232; 0.00123006; 1; 0.5; 0.5; 500; 1000; 0; 
14 Time Hybrid OMP parallel 1/2 non hash;149.225; 148.626; 148.245; 70.8096; 32.0922; 69.4401; 148.288; 13.4799; 101.702; 28.4033; 148.214; 78.9101; 68.1601; 0.00123006; 1; 0.5; 0.5; 500; 1000; 0; 
15 Time Hybrid OMP parallel 1/2 non hash;148.502; 147.955; 147.552; 70.888; 34.0991; 68.2905; 147.595; 13.2511; 102.119; 27.6856; 147.519; 92.5366; 54.167; 0.00123005; 0.999999; 0.5; 0.5; 500; 1000; 0; 
16 Time Hybrid OMP parallel 1/2 non hash;151.569; 150.968; 150.614; 75.7254; 34.8562; 66.1062; 150.656; 13.529; 104.298; 28.1918; 150.567; 93.2313; 56.3452; 0.00123042; 0.999992; 0.5; 0.5; 500; 1000; 0; 
17 Time Hybrid OMP parallel 1/2 non hash;171.212; 170.649; 170.244; 91.4077; 35.61; 69.0309; 170.339; 13.406; 122.734; 29.5805; 170.208; 100.565; 68.689; 0.00123007; 1; 0.5; 0.5; 500; 1000; 0; 
18 Time Hybrid OMP parallel 1/2 non hash;161.233; 160.68; 160.266; 86.0497; 34.4484; 65.5985; 160.316; 13.5368; 113.561; 28.5868; 160.225; 80.5752; 78.3709; 0.00123413; 1; 0.5; 0.5; 500; 1000; 0; 
19 Time Hybrid OMP parallel 1/2 non hash;164.078; 163.513; 163.165; 89.2858; 35.1816; 64.6596; 163.207; 13.4802; 117.008; 28.1057; 163.136; 99.5639; 62.4584; 0.00123036; 0.999995; 0.5; 0.5; 500; 1000; 0; 
20 Time Hybrid OMP parallel 1/2 non hash;167.748; 167.158; 166.803; 87.391; 35.2143; 69.9929; 166.845; 13.4256; 120.904; 27.8691; 166.761; 109.682; 56.0954; 0.00123048; 0.999999; 0.5; 0.5; 500; 1000; 0; 
21 Time Hybrid OMP parallel 1/2 non hash;180.521; 179.885; 179.506; 100.875; 36.9859; 68.5605; 179.549; 13.4771; 131.571; 29.8129; 179.465; 109.16; 69.3324; 0.00123014; 0.999991; 0.5; 0.5; 500; 1000; 0; 
22 Time Hybrid OMP parallel 1/2 non hash;162.363; 161.76; 161.395; 87.8828; 36.1472; 64.6186; 161.44; 13.463; 114.453; 28.7207; 161.355; 81.8359; 78.2733; 0.00123058; 0.999999; 0.5; 0.5; 500; 1000; 0; 
23 Time Hybrid OMP parallel 1/2 non hash;162.365; 161.806; 161.403; 90.3151; 36.9295; 61.871; 161.445; 13.4709; 114.961; 28.3617; 161.368; 94.0067; 66.19; 0.00123108; 0.999986; 0.5; 0.5; 500; 1000; 0; 
24 Time Hybrid OMP parallel 1/2 non hash;169.573; 169.072; 168.647; 89.8972; 36.9572; 69.1386; 168.697; 13.4479; 122.467; 28.0902; 168.6; 111.744; 55.8318; 0.0012308; 0.999999; 0.5; 0.5; 500; 1000; 0; 
25 Time Hybrid OMP parallel 1/2 non hash;185.371; 184.783; 184.335; 105.749; 39.6083; 67.3007; 184.435; 13.379; 134.86; 31.3315; 184.296; 100.748; 82.4386; 0.0012304; 1; 0.5; 0.5; 500; 1000; 0; 
26 Time Hybrid OMP parallel 1/2 non hash;163.478; 162.874; 162.504; 89.3636; 37.4968; 64.4005; 162.547; 13.7421; 115.51; 28.6782; 162.464; 80.0315; 81.0167; 0.00123041; 0.999999; 0.5; 0.5; 500; 1000; 0; 
27 Time Hybrid OMP parallel 1/2 non hash;163.137; 162.556; 162.153; 91.7162; 38.3242; 61.2913; 162.2; 13.4113; 115.44; 28.6971; 162.118; 91.1017; 69.6581; 0.00123336; 1; 0.5; 0.5; 500; 1000; 0; 
28 Time Hybrid OMP parallel 1/2 non hash;169.759; 169.17; 168.729; 90.4264; 39.3718; 67.8414; 168.776; 13.1391; 120.067; 30.6948; 168.685; 95.7132; 71.8596; 0.00124976; 0.99999; 0.5; 0.5; 500; 1000; 0; 
29 Time Hybrid OMP parallel 1/2 non hash;184.902; 184.249; 183.835; 109.418; 41.1146; 63.1019; 183.879; 13.1146; 136.013; 30.0113; 183.797; 95.6866; 87.0381; 0.00123107; 1; 0.5; 0.5; 500; 1000; 0; 
30 Time Hybrid OMP parallel 1/2 non hash;164.905; 164.306; 163.954; 92.2697; 39.2417; 62.8714; 163.998; 13.5088; 117.021; 28.817; 163.914; 79.3974; 83.1839; 0.00123031; 0.999986; 0.5; 0.5; 500; 1000; 0; 
31 Time Hybrid OMP parallel 1/2 non hash;162.359; 161.789; 161.404; 93.3276; 39.6872; 58.7937; 161.452; 13.6654; 114.715; 28.4408; 161.368; 85.828; 74.2428; 0.00123014; 0.999999; 0.5; 0.5; 500; 1000; 0; 
32 Time Hybrid OMP parallel 1/2 non hash;170.487; 169.867; 169.497; 93.4562; 39.8244; 66.5131; 169.555; 13.5115; 123.024; 28.3451; 169.443; 106.334; 61.9732; 0.00123011; 0.999999; 0.5; 0.5; 500; 1000; 0; 
33 Time Hybrid OMP parallel 1/2 non hash;182.475; 181.892; 181.477; 106.672; 41.9195; 64.2403; 181.52; 13.3384; 132.586; 30.7168; 181.445; 99.1476; 81.1268; 0.00123048; 0.999991; 0.5; 0.5; 500; 1000; 0; 
34 Time Hybrid OMP parallel 1/2 non hash;166.596; 165.988; 165.644; 94.0319; 40.6395; 62.6183; 165.688; 13.5112; 118.697; 28.8617; 165.609; 75.0932; 89.1893; 0.00123013; 1; 0.5; 0.5; 500; 1000; 0; 
35 Time Hybrid OMP parallel 1/2 non hash;161.619; 161.052; 160.673; 94.1974; 40.9088; 57.4494; 160.715; 13.6974; 114.06; 28.3519; 160.627; 81.6208; 77.4658; 0.00123006; 1; 0.5; 0.5; 500; 1000; 0; 
36 Time Hybrid OMP parallel 1/2 non hash;171.552; 170.931; 170.543; 94.7101; 40.9805; 66.1469; 170.586; 13.6167; 123.639; 28.6708; 170.502; 104.481; 65.0035; 0.00123005; 0.999998; 0.5; 0.5; 500; 1000; 0; 
37 Time Hybrid OMP parallel 1/2 non hash;185.067; 184.446; 184.055; 110.417; 43.2138; 62.3016; 184.103; 13.188; 134.346; 31.6977; 184.028; 89.1132; 93.6413; 0.00123097; 0.999999; 0.5; 0.5; 500; 1000; 0; 
38 Time Hybrid OMP parallel 1/2 non hash;165.234; 164.616; 164.204; 93.0759; 41.1126; 62.3302; 164.247; 13.4826; 117.407; 28.6625; 164.168; 74.7479; 87.6648; 0.00123102; 0.999993; 0.5; 0.5; 500; 1000; 0; 
39 Time Hybrid OMP parallel 1/2 non hash;162.104; 161.527; 161.174; 95.4789; 41.7802; 56.6044; 161.218; 13.4816; 114.606; 28.5855; 161.137; 80.4414; 79.2095; 0.00123008; 0.999999; 0.5; 0.5; 500; 1000; 0; 
40 Time Hybrid OMP parallel 1/2 non hash;172.977; 172.386; 172.048; 95.9753; 41.8304; 66.3698; 171.953; 13.6284; 124.277; 29.383; 171.995; 104.643; 66.2467; 0.00123769; 0.999989; 0.5; 0.5; 500; 1000; 0; 
41 Time Hybrid OMP parallel 1/2 non hash;180.798; 180.188; 179.775; 109.113; 43.7996; 60.1106; 179.871; 13.325; 129.96; 31.6712; 179.738; 85.5748; 92.9585; 0.0012303; 0.999985; 0.5; 0.5; 500; 1000; 0; 
42 Time Hybrid OMP parallel 1/2 non hash;166.649; 166.045; 165.692; 95.0613; 42.2144; 61.7818; 165.734; 13.5074; 118.997; 28.6147; 165.65; 72.8081; 91.4695; 0.00123465; 1; 0.5; 0.5; 500; 1000; 0; 
43 Time Hybrid OMP parallel 1/2 non hash;162.955; 162.398; 162.012; 96.6327; 42.6476; 56.115; 162.056; 13.6293; 115.135; 28.6789; 161.969; 77.4251; 83.0119; 0.00123006; 0.999984; 0.5; 0.5; 500; 1000; 0; 
44 Time Hybrid OMP parallel 1/2 non hash;170.843; 170.209; 169.806; 96.9528; 42.6004; 63.1741; 169.846; 13.6138; 121.953; 29.6613; 169.764; 95.805; 72.6251; 0.0012301; 1; 0.5; 0.5; 500; 1000; 0; 
45 Time Hybrid OMP parallel 1/2 non hash;180.527; 179.808; 179.375; 108.446; 44.0863; 60.4464; 179.42; 13.2536; 129.835; 31.4505; 179.334; 86.8416; 91.0592; 0.00123112; 0.999991; 0.5; 0.5; 500; 1000; 0; 
46 Time Hybrid OMP parallel 1/2 non hash;168.17; 167.533; 167.117; 95.6088; 42.9732; 62.5573; 167.165; 13.5219; 120.045; 28.9057; 167.073; 73.7413; 91.8422; 0.00123141; 0.999999; 0.5; 0.5; 500; 1000; 0; 
47 Time Hybrid OMP parallel 1/2 non hash;163.601; 163.007; 162.58; 97.0026; 43.2251; 56.4259; 162.624; 13.2652; 116.045; 28.6069; 162.541; 78.7302; 82.3401; 0.00123008; 0.999998; 0.5; 0.5; 500; 1000; 0; 
48 Time Hybrid OMP parallel 1/2 non hash;170.107; 169.502; 169.148; 97.5918; 43.2435; 61.8741; 169.188; 13.6379; 120.79; 30.1076; 169.107; 91.7492; 76.2366; 0.00123075; 0.99999; 0.5; 0.5; 500; 1000; 0; 
49 Time Hybrid OMP parallel 1/2 non hash;181.884; 181.267; 180.876; 110.11; 44.6689; 60.0627; 180.916; 13.5272; 130.767; 31.7214; 180.838; 83.1451; 96.107; 0.00123008; 0.999984; 0.5; 0.5; 500; 1000; 0; 
Time Hybrid OMP parallel 1/2 non hash:;8208.989900;sec
0 Time Hybrid OMP parallel dynamic;345.05; 274.421; 273.931; 192.765; 111.73; 68.9674; 273.989; 12.0171; 221.181; 35.7907; 273.876; 81.6721; 190.745; 0.00129334; 1; 0.571376; 0.428624; 500; 1000; 130441; 
1 Time Hybrid OMP parallel dynamic;405.123; 337.304; 336.893; 248.447; 105.211; 69.4651; 336.837; 12.4186; 272.792; 44.598; 336.81; 60.6116; 274.505; 0.00123034; 1; 0.562124; 0.437876; 500; 1000; 127017; 
2 Time Hybrid OMP parallel dynamic;315.457; 244.546; 243.868; 160.879; 104.838; 73.7592; 243.965; 12.5976; 191.678; 34.7376; 244.103; 81.0459; 161.73; 0.00135481; 1; 0.460988; 0.539012; 500; 1000; 106535; 
3 Time Hybrid OMP parallel dynamic;289.141; 221.484; 220.95; 153.379; 99.1359; 58.6051; 220.998; 13.0312; 169.275; 33.9051; 221.055; 67.3242; 152.415; 0.00181274; 1; 0.396992; 0.603008; 500; 1000; 89120; 
4 Time Hybrid OMP parallel dynamic;249.962; 190.005; 189.526; 120.544; 77.1829; 60.3729; 189.573; 13.1172; 141.489; 30.3347; 189.464; 54.5538; 134.207; 0.00233974; 1; 0.022684; 0.977316; 500; 1000; 3942; 
5 Time Hybrid OMP parallel dynamic;348.894; 289.095; 288.737; 204.45; 83.7166; 67.7932; 288.588; 13.6262; 227.507; 41.6001; 288.658; 47.3793; 240.249; 0.00161937; 1; 0.023156; 0.976844; 500; 1000; 4125; 
6 Time Hybrid OMP parallel dynamic;246.436; 186.805; 186.298; 120.66; 76.5808; 57.4223; 186.207; 12.8705; 137.853; 30.8227; 186.033; 61.1814; 124.149; 0.00212717; 1; 0.021488; 0.978512; 500; 1000; 3808; 
7 Time Hybrid OMP parallel dynamic;238.255; 173.327; 172.866; 109.421; 68.3421; 55.376; 172.807; 13.6737; 124.725; 29.7095; 172.766; 62.0391; 110.021; 0.00191393; 1; 0.021624; 0.978376; 500; 1000; 3872; 
8 Time Hybrid OMP parallel dynamic;238.496; 179.178; 178.726; 109.64; 68.0676; 60.7939; 178.777; 13.1939; 131.09; 29.9006; 178.69; 56.6157; 121.383; 0.0108804; 1; 0.021384; 0.978616; 500; 1000; 3830; 
9 Time Hybrid OMP parallel dynamic;345.553; 278.414; 277.774; 194.367; 75.1548; 67.2331; 277.859; 13.5869; 217.544; 40.8943; 277.711; 47.4161; 229.342; 0.00212717; 1; 0.021752; 0.978248; 500; 1000; 3877; 
10 Time Hybrid OMP parallel dynamic;242.665; 178.96; 178.185; 112.69; 68.7011; 56.4972; 178.351; 13.6636; 130.357; 29.6048; 178.457; 59.9294; 117.911; 0.00125309; 1; 0.02144; 0.97856; 500; 1000; 3770; 
11 Time Hybrid OMP parallel dynamic;258.88; 191.882; 191.305; 122.97; 69.6038; 58.5388; 191.211; 13.688; 140.29; 32.3805; 191.362; 61.3144; 129.304; 0.0087082; 1; 0.021268; 0.978732; 500; 1000; 3819; 
12 Time Hybrid OMP parallel dynamic;242.771; 182.874; 182.344; 110.982; 68.7438; 62.8966; 182.303; 13.2663; 132.698; 31.6679; 182.502; 52.0063; 129.808; 0.00166173; 1; 0.021676; 0.978324; 500; 1000; 3865; 
13 Time Hybrid OMP parallel dynamic;264.16; 181.523; 180.858; 114.762; 71.4728; 57.6368; 180.955; 12.5536; 131.659; 32.0716; 180.686; 58.89; 121.075; 0.00212717; 1; 0.021524; 0.978476; 500; 1000; 3805; 
14 Time Hybrid OMP parallel dynamic;244.831; 181.835; 181.314; 116.908; 74.4869; 55.6884; 181.447; 13.5585; 133.401; 29.7452; 181.357; 59.4681; 121.241; 0.00274614; 1; 0.021812; 0.978188; 500; 1000; 3847; 
15 Time Hybrid OMP parallel dynamic;234.635; 170.515; 170.051; 107.088; 65.9449; 55.0018; 169.953; 13.8131; 121.994; 29.5205; 170.155; 61.7845; 107.739; 0.00128441; 1; 0.021684; 0.978316; 500; 1000; 3854; 
16 Time Hybrid OMP parallel dynamic;238.64; 176.547; 176.033; 106.604; 65.978; 61.0743; 176.13; 13.3295; 128.139; 30.0204; 175.871; 54.3179; 120.911; 0.00212717; 1; 0.021424; 0.978576; 500; 1000; 3850; 
17 Time Hybrid OMP parallel dynamic;235.484; 173.326; 172.773; 107.198; 65.918; 57.2988; 172.864; 12.6307; 123.707; 31.9649; 172.57; 59.1035; 112.775; 0.00212717; 1; 0.021448; 0.978552; 500; 1000; 3827; 
18 Time Hybrid OMP parallel dynamic;258.093; 173.026; 172.382; 107.811; 66.0251; 56.3385; 172.575; 13.2023; 123.943; 30.7436; 172.205; 60.0169; 111.57; 0.00212717; 1; 0.021388; 0.978612; 500; 1000; 3827; 
19 Time Hybrid OMP parallel dynamic;254.69; 171.924; 170.975; 106.095; 66.1891; 56.9912; 171.336; 12.8531; 122.743; 31.2013; 171.172; 58.9249; 111.553; 0.00212717; 1; 0.021288; 0.978712; 500; 1000; 3803; 
20 Time Hybrid OMP parallel dynamic;251.558; 190.431; 189.913; 118.243; 67.0447; 62.0762; 189.731; 13.5585; 140.049; 31.2214; 189.855; 54.2595; 134.917; 0.00212717; 1; 0.021788; 0.978212; 500; 1000; 3834; 
21 Time Hybrid OMP parallel dynamic;254.364; 182.599; 182.244; 117.104; 73.4357; 56.3406; 182.103; 13.7977; 133.108; 30.4284; 182.065; 65.5093; 115.915; 0.00208727; 1; 0.021432; 0.978568; 500; 1000; 3798; 
22 Time Hybrid OMP parallel dynamic;241.19; 169.91; 169.487; 106.113; 65.4534; 55.49; 169.4; 12.6682; 121.402; 30.6847; 169.538; 59.8087; 109.057; 0.00154556; 1; 0.021532; 0.978468; 500; 1000; 3828; 
23 Time Hybrid OMP parallel dynamic;231.333; 171.225; 170.822; 107.379; 65.6962; 55.1961; 170.764; 13.5833; 122.87; 29.5688; 170.722; 61.5745; 108.52; 0.00212717; 1; 0.021716; 0.978284; 500; 1000; 3870; 
24 Time Hybrid OMP parallel dynamic;240.71; 178.094; 177.542; 106.483; 65.8095; 62.5953; 177.637; 13.1776; 128.512; 31.2885; 177.454; 52.0291; 124.754; 0.00793673; 1; 0.021448; 0.978552; 500; 1000; 3832; 
25 Time Hybrid OMP parallel dynamic;321.506; 245.804; 245.415; 165.437; 70.4526; 65.954; 245.35; 13.8238; 187.712; 38.48; 245.305; 50.6384; 193.653; 0.00143869; 1; 0.021392; 0.978608; 500; 1000; 3822; 
26 Time Hybrid OMP parallel dynamic;240.217; 172.601; 172.019; 106.428; 65.7129; 57.4607; 172.103; 12.7422; 123.449; 31.1725; 172.156; 58.8389; 112.628; 0.00212717; 1; 0.021496; 0.978504; 500; 1000; 3849; 
27 Time Hybrid OMP parallel dynamic;256.96; 174.008; 173.374; 108.308; 65.7738; 56.6392; 173.63; 13.756; 124.698; 30.4366; 173.491; 61.5163; 111.355; 0.00123866; 1; 0.021496; 0.978504; 500; 1000; 3843; 
28 Time Hybrid OMP parallel dynamic;247.909; 181.171; 180.647; 111.023; 68.418; 61.0333; 180.735; 13.3017; 132.699; 30.0412; 180.524; 56.2259; 123.638; 0.00212724; 1; 0.021536; 0.978464; 500; 1000; 3811; 
29 Time Hybrid OMP parallel dynamic;358.793; 281.306; 280.649; 196.909; 78.6569; 67.4145; 280.751; 13.6507; 219.959; 41.3107; 280.593; 48.3446; 231.214; 0.00212717; 1; 0.022032; 0.977968; 500; 1000; 3951; 
30 Time Hybrid OMP parallel dynamic;245.575; 185.13; 184.464; 119.565; 76.3807; 55.9251; 184.553; 13.4575; 136.639; 29.6592; 184.647; 58.9923; 124.951; 0.00212717; 1; 0.021816; 0.978184; 500; 1000; 3864; 
31 Time Hybrid OMP parallel dynamic;276.692; 204.154; 203.603; 132.407; 78.8708; 60.8673; 203.221; 13.8214; 150.858; 33.68; 203.421; 64.6515; 137.987; 0.00212717; 1; 0.021728; 0.978272; 500; 1000; 3863; 
32 Time Hybrid OMP parallel dynamic;259.45; 196.538; 195.929; 125.969; 80.2395; 61.0233; 196.145; 13.2793; 147.908; 30.1849; 196.037; 56.7921; 138.406; 0.00124449; 1; 0.022536; 0.977464; 500; 1000; 3995; 
33 Time Hybrid OMP parallel dynamic;357.821; 298.416; 297.789; 212.173; 88.7784; 68.7675; 297.892; 13.4495; 236.007; 42.3014; 297.754; 47.2942; 249.543; 0.00212717; 1; 0.059868; 0.940132; 500; 1000; 12403; 
34 Time Hybrid OMP parallel dynamic;260.016; 197.208; 196.623; 130.966; 86.9976; 56.478; 196.716; 13.9588; 148.191; 29.7791; 196.57; 60.1955; 135.565; 0.00135605; 1; 0.02352; 0.97648; 500; 1000; 4255; 
35 Time Hybrid OMP parallel dynamic;273.561; 195.982; 195.498; 132.353; 89.664; 54.6534; 195.31; 12.8821; 147.947; 29.8373; 195.227; 60.3559; 134.059; 0.00212717; 1; 0.025884; 0.974116; 500; 1000; 4760; 
36 Time Hybrid OMP parallel dynamic;269.553; 191.932; 191.32; 122.033; 78.2286; 60.9873; 191.52; 13.8133; 143.335; 29.708; 191.445; 56.6052; 134.155; 0.00212717; 1; 0.02268; 0.97732; 500; 1000; 4013; 
37 Time Hybrid OMP parallel dynamic;353.064; 293.767; 293.338; 207.491; 84.7405; 68.9794; 293.159; 12.3984; 231.569; 43.4387; 293.269; 44.5573; 247.604; 0.00124506; 1; 0.023484; 0.976516; 500; 1000; 4243; 
38 Time Hybrid OMP parallel dynamic;250.394; 188.149; 187.568; 122.171; 78.3361; 56.5893; 187.736; 13.9442; 139.384; 29.7355; 187.798; 60.749; 126.332; 0.00212717; 1; 0.021588; 0.978412; 500; 1000; 3853; 
39 Time Hybrid OMP parallel dynamic;248.162; 187.097; 186.533; 120.746; 78.0958; 57.088; 186.37; 13.3549; 137.427; 31.0398; 186.158; 59.6224; 125.793; 0.00212717; 1; 0.02158; 0.97842; 500; 1000; 3856; 
40 Time Hybrid OMP parallel dynamic;252.711; 190.908; 190.5; 121.445; 77.5345; 60.593; 190.548; 13.4568; 142.666; 29.8044; 190.428; 55.8805; 133.807; 0.00212717; 1; 0.02216; 0.97784; 500; 1000; 3913; 
41 Time Hybrid OMP parallel dynamic;309.208; 227.784; 227.419; 152.948; 82.8083; 62.494; 227.274; 12.5821; 174.39; 35.1175; 227.094; 54.6523; 171.672; 0.00421501; 1; 0.022892; 0.977108; 500; 1000; 4138; 
42 Time Hybrid OMP parallel dynamic;371.23; 309.519; 309.022; 220.928; 91.8875; 70.695; 308.847; 13.8808; 244.877; 43.5442; 308.997; 49.7588; 257.814; 0.00212717; 1; 0.162352; 0.837648; 500; 1000; 36177; 
43 Time Hybrid OMP parallel dynamic;259.971; 200.791; 200.26; 134.883; 92.1921; 56.336; 200.078; 13.3345; 151.762; 30.2161; 200.367; 64.1091; 135.562; 0.00213077; 1; 0.021944; 0.978056; 500; 1000; 3946; 
44 Time Hybrid OMP parallel dynamic;254.319; 193.122; 192.603; 124.501; 71.2209; 58.1539; 192.424; 13.791; 141.581; 32.1582; 192.346; 60.3083; 131.379; 0.0016352; 1; 0.021624; 0.978376; 500; 1000; 3884; 
45 Time Hybrid OMP parallel dynamic;245.247; 178.996; 178.542; 112.937; 70.1243; 56.8545; 178.595; 13.7092; 129.532; 30.644; 178.634; 60.7001; 117.239; 0.00212896; 1; 0.021416; 0.978584; 500; 1000; 3791; 
46 Time Hybrid OMP parallel dynamic;357.233; 292.095; 291.731; 204.084; 76.3317; 70.5264; 291.621; 13.723; 227.939; 43.7942; 291.529; 47.7862; 242.796; 0.00135358; 1; 0.021652; 0.978348; 500; 1000; 3855; 
47 Time Hybrid OMP parallel dynamic;243.46; 174.654; 174.003; 109.01; 69.2195; 56.4526; 174.184; 13.6032; 125.086; 30.8616; 173.923; 64.2927; 108.994; 0.00123463; 1; 0.021268; 0.978732; 500; 1000; 3833; 
48 Time Hybrid OMP parallel dynamic;252.935; 188.813; 188.323; 121.159; 70.223; 57.5275; 188.135; 13.6325; 137.724; 31.9285; 188.401; 60.625; 127.047; 0.00212717; 1; 0.021804; 0.978196; 500; 1000; 3857; 
49 Time Hybrid OMP parallel dynamic;239.456; 176.155; 175.701; 111.302; 69.4437; 55.8314; 175.641; 13.3071; 127.613; 30.0333; 175.592; 60.3299; 114.525; 0.00212717; 1; 0.021596; 0.978404; 500; 1000; 3810; 
Time Hybrid OMP parallel dynamic:;15677.087900;sec
0 Time Hybrid OMP parallel dynamic non hash;210.13; 209.38; 208.71; 135.641; 30.8393; 55.6625; 208.781; 12.7543; 159.973; 31.3639; 208.92; 44.309; 163.822; 0.00123008; 0.999995; 0.021176; 0.978824; 500; 1000; 0; 
1 Time Hybrid OMP parallel dynamic non hash;149.888; 149.384; 148.978; 55.462; 20.7813; 85.2446; 149.017; 12.2176; 102.547; 29.7256; 148.945; 99.0741; 49.2853; 0.00123048; 1; 0.021276; 0.978724; 500; 1000; 0; 
2 Time Hybrid OMP parallel dynamic non hash;150.511; 150.014; 149.614; 60.3419; 21.0284; 80.455; 149.709; 12.2164; 104.686; 28.3718; 149.579; 97.9904; 51.0828; 0.00123064; 0.999999; 0.0214; 0.9786; 500; 1000; 0; 
3 Time Hybrid OMP parallel dynamic non hash;166.381; 165.887; 165.448; 82.6128; 24.2156; 71.1134; 165.548; 12.2534; 118.832; 29.8711; 165.422; 75.202; 89.6778; 0.00123241; 0.999999; 0.021364; 0.978636; 500; 1000; 0; 
4 Time Hybrid OMP parallel dynamic non hash;211.246; 210.742; 210.381; 139.081; 31.2763; 53.6491; 210.425; 12.1387; 163.276; 30.4568; 210.335; 42.0589; 167.507; 0.00123008; 0.999999; 0.022044; 0.977956; 500; 1000; 0; 
5 Time Hybrid OMP parallel dynamic non hash;146.869; 146.369; 145.991; 55.7046; 20.6244; 81.9452; 146.027; 12.2285; 99.7361; 29.4833; 145.954; 96.2851; 49.1735; 0.00123018; 1; 0.021356; 0.978644; 500; 1000; 0; 
6 Time Hybrid OMP parallel dynamic non hash;150.474; 149.934; 149.531; 62.1772; 21.3168; 78.4441; 149.593; 12.1946; 103.913; 28.9493; 149.493; 94.4776; 54.5152; 0.00123032; 0.999999; 0.021296; 0.978704; 500; 1000; 0; 
7 Time Hybrid OMP parallel dynamic non hash;165.361; 164.876; 164.44; 82.0772; 23.9998; 70.7658; 164.526; 12.3745; 117.728; 29.8405; 164.404; 74.8562; 89.0164; 0.00123045; 0.999984; 0.021732; 0.978268; 500; 1000; 0; 
8 Time Hybrid OMP parallel dynamic non hash;209.831; 209.343; 208.999; 138.889; 31.1518; 52.9782; 209.037; 12.0642; 162.394; 29.9724; 208.971; 42.1342; 166.046; 0.00123412; 0.999999; 0.02204; 0.97796; 500; 1000; 0; 
9 Time Hybrid OMP parallel dynamic non hash;146.526; 146.019; 145.642; 56.0742; 20.583; 81.0854; 145.681; 12.241; 98.5869; 30.2364; 145.61; 93.8191; 51.2632; 0.00129879; 0.999989; 0.02126; 0.97874; 500; 1000; 0; 
10 Time Hybrid OMP parallel dynamic non hash;150.296; 149.79; 149.332; 67.0589; 27.362; 73.5868; 149.43; 12.2358; 103.855; 28.8857; 149.294; 94.4838; 54.3141; 0.00123006; 0.999999; 0.021312; 0.978688; 500; 1000; 0; 
11 Time Hybrid OMP parallel dynamic non hash;179.245; 178.694; 178.298; 96.6391; 34.5507; 69.2392; 178.339; 12.4888; 127.528; 33.6494; 178.264; 73.9449; 103.79; 0.00123019; 1; 0.021744; 0.978256; 500; 1000; 0; 
12 Time Hybrid OMP parallel dynamic non hash;234.393; 233.855; 233.479; 151.403; 42.7427; 64.443; 233.522; 12.3361; 175.859; 40.624; 233.457; 43.559; 189.059; 0.00123086; 0.999999; 0.022512; 0.977488; 500; 1000; 0; 
13 Time Hybrid OMP parallel dynamic non hash;157.317; 156.778; 156.389; 80.0452; 32.9625; 67.4741; 156.426; 12.3106; 108.881; 30.6506; 156.354; 97.0836; 58.4867; 0.00123005; 0.999986; 0.021504; 0.978496; 500; 1000; 0; 
14 Time Hybrid OMP parallel dynamic non hash;164.461; 163.899; 163.487; 91.4536; 33.5739; 62.6784; 163.591; 12.3699; 116.521; 30.198; 163.455; 97.3837; 65.475; 0.00123013; 0.999999; 0.02156; 0.97844; 500; 1000; 0; 
15 Time Hybrid OMP parallel dynamic non hash;201.21; 200.659; 200.177; 119.548; 37.8767; 66.8301; 200.268; 12.4922; 146.598; 35.9301; 200.138; 68.7648; 130.311; 0.00123007; 0.99999; 0.022476; 0.977524; 500; 1000; 0; 
16 Time Hybrid OMP parallel dynamic non hash;268.229; 267.632; 267.234; 178.281; 47.0047; 69.1878; 267.275; 12.0577; 204.751; 44.4306; 267.198; 42.5491; 223.758; 0.00123005; 1; 0.022684; 0.977316; 500; 1000; 0; 
17 Time Hybrid OMP parallel dynamic non hash;165.331; 164.814; 164.464; 92.517; 36.094; 62.1701; 164.51; 12.3277; 113.726; 33.7874; 164.423; 84.4711; 79.2955; 0.00123069; 1; 0.02186; 0.97814; 500; 1000; 0; 
18 Time Hybrid OMP parallel dynamic non hash;165.354; 164.778; 164.368; 94.635; 36.2639; 60.2134; 164.444; 12.4262; 115.667; 31.7884; 164.304; 87.6325; 76.0656; 0.00123013; 0.999999; 0.02224; 0.97776; 500; 1000; 0; 
19 Time Hybrid OMP parallel dynamic non hash;203.913; 203.344; 202.967; 123.116; 40.3917; 66.2648; 203.019; 12.4151; 151.191; 34.2071; 202.938; 70.3771; 131.832; 0.00123006; 0.999999; 0.02272; 0.97728; 500; 1000; 0; 
20 Time Hybrid OMP parallel dynamic non hash;275.468; 274.922; 274.518; 183.426; 49.8207; 71.0223; 274.556; 12.2059; 209.95; 46.0245; 274.482; 41.7689; 231.785; 0.00123712; 0.999992; 0.02346; 0.97654; 500; 1000; 0; 
21 Time Hybrid OMP parallel dynamic non hash;165.441; 164.859; 164.47; 96.3479; 38.3242; 58.8318; 164.515; 12.2093; 115.542; 32.2706; 164.426; 87.0897; 76.3509; 0.00123009; 0.999991; 0.022012; 0.977988; 500; 1000; 0; 
22 Time Hybrid OMP parallel dynamic non hash;173.545; 172.973; 172.555; 101.019; 39.2325; 61.9108; 172.604; 12.5005; 123.556; 31.9401; 172.523; 95.3944; 76.5907; 0.00123006; 0.999989; 0.022036; 0.977964; 500; 1000; 0; 
23 Time Hybrid OMP parallel dynamic non hash;212.994; 212.433; 212.045; 130.221; 43.4821; 67.7382; 212.091; 12.5317; 159.79; 34.3638; 212.015; 67.5802; 143.836; 0.00123076; 0.999998; 0.02222; 0.97778; 500; 1000; 0; 
24 Time Hybrid OMP parallel dynamic non hash;276.349; 275.801; 275.391; 184.621; 52.0673; 70.7292; 275.429; 12.4833; 210.921; 45.7751; 275.378; 42.1806; 232.211; 0.00123137; 1; 0.023316; 0.976684; 500; 1000; 0; 
25 Time Hybrid OMP parallel dynamic non hash;168.963; 168.389; 167.977; 99.9905; 40.9713; 58.4821; 168.016; 12.2634; 118.04; 33.2039; 167.935; 82.6634; 84.294; 0.00123044; 1; 0.021732; 0.978268; 500; 1000; 0; 
26 Time Hybrid OMP parallel dynamic non hash;174.522; 173.971; 173.606; 104.186; 41.5457; 59.7061; 173.652; 12.2294; 123.144; 33.5909; 173.579; 85.0853; 87.8255; 0.00123008; 0.999999; 0.02206; 0.97794; 500; 1000; 0; 
27 Time Hybrid OMP parallel dynamic non hash;211.977; 211.409; 211.06; 130.128; 44.7662; 67.0812; 211.103; 12.7394; 158.691; 34.3696; 211.019; 67.5519; 142.921; 0.00123025; 1; 0.02272; 0.97728; 500; 1000; 0; 
28 Time Hybrid OMP parallel dynamic non hash;278.98; 278.432; 278.09; 186.101; 52.6725; 71.9636; 278.128; 12.4177; 212.323; 47.0269; 278.062; 41.9281; 235.222; 0.00123034; 0.999999; 0.023156; 0.976844; 500; 1000; 0; 
29 Time Hybrid OMP parallel dynamic non hash;168.703; 168.153; 167.745; 99.6584; 40.6774; 58.452; 167.79; 12.2271; 118.096; 32.919; 167.71; 83.8252; 82.8737; 0.00123012; 0.999999; 0.022068; 0.977932; 500; 1000; 0; 
30 Time Hybrid OMP parallel dynamic non hash;169.189; 168.653; 168.254; 99.5111; 40.0978; 59.6861; 168.299; 12.243; 119.314; 32.1669; 168.217; 91.6955; 75.9004; 0.00123005; 1; 0.021928; 0.978072; 500; 1000; 0; 
31 Time Hybrid OMP parallel dynamic non hash;209.32; 208.747; 208.296; 127.686; 44.1221; 67.1704; 208.34; 12.607; 156.731; 33.7451; 208.259; 70.3232; 137.158; 0.00123273; 0.999981; 0.02234; 0.97766; 500; 1000; 0; 
32 Time Hybrid OMP parallel dynamic non hash;273.19; 272.602; 272.26; 181.766; 51.4621; 70.7407; 272.302; 12.3457; 207.847; 45.8068; 272.227; 42.664; 228.636; 0.00123006; 1; 0.023296; 0.976704; 500; 1000; 0; 
33 Time Hybrid OMP parallel dynamic non hash;166.949; 166.391; 166.06; 98.2633; 39.6841; 58.3063; 166.104; 12.1857; 117.109; 32.2999; 166.021; 85.5388; 79.7534; 0.0012319; 0.999999; 0.02188; 0.97812; 500; 1000; 0; 
34 Time Hybrid OMP parallel dynamic non hash;174.805; 174.26; 173.904; 102.849; 40.4234; 61.1435; 173.952; 12.3785; 123.474; 33.2549; 173.876; 86.2906; 86.9522; 0.00123097; 0.999998; 0.02212; 0.97788; 500; 1000; 0; 
35 Time Hybrid OMP parallel dynamic non hash;211.883; 211.272; 210.876; 129.272; 44.2266; 67.6505; 210.921; 12.5781; 158.297; 34.6189; 210.814; 66.4909; 143.389; 0.00123111; 0.999997; 0.022124; 0.977876; 500; 1000; 0; 
36 Time Hybrid OMP parallel dynamic non hash;275.565; 275.019; 274.61; 183.249; 52.1851; 71.3272; 274.652; 12.4604; 209.811; 45.9975; 274.574; 43.0867; 230.558; 0.00123018; 1; 0.023472; 0.976528; 500; 1000; 0; 
37 Time Hybrid OMP parallel dynamic non hash;167.841; 167.3; 166.929; 98.1568; 39.6575; 59.1136; 166.972; 12.3892; 116.923; 33.0875; 166.903; 84.2817; 81.9177; 0.00123005; 0.999989; 0.021804; 0.978196; 500; 1000; 0; 
38 Time Hybrid OMP parallel dynamic non hash;177.291; 176.767; 176.373; 105.363; 40.9866; 60.9837; 176.414; 12.3767; 125.524; 33.7292; 176.336; 87.2066; 88.5227; 0.00123029; 1; 0.021968; 0.978032; 500; 1000; 0; 
39 Time Hybrid OMP parallel dynamic non hash;213.958; 213.399; 213.047; 131.515; 46.0974; 67.565; 213.094; 12.5523; 160.632; 34.6434; 213.019; 64.3922; 147.912; 0.00123196; 1; 0.022032; 0.977968; 500; 1000; 0; 
40 Time Hybrid OMP parallel dynamic non hash;282.44; 281.897; 281.554; 190.168; 54.0897; 70.9474; 281.59; 12.3949; 216.91; 46.0309; 281.519; 42.4474; 238.132; 0.00123035; 0.99999; 0.023332; 0.976668; 500; 1000; 0; 
41 Time Hybrid OMP parallel dynamic non hash;174.361; 173.783; 173.409; 104.422; 44.331; 59.0022; 173.36; 12.2857; 122.53; 33.9403; 173.328; 76.518; 95.9496; 0.00123089; 1; 0.0223; 0.9777; 500; 1000; 0; 
42 Time Hybrid OMP parallel dynamic non hash;180.254; 179.695; 179.298; 109.635; 44.7375; 59.5511; 179.346; 12.4648; 127.749; 34.3586; 179.257; 78.0579; 100.4; 0.00123077; 0.999999; 0.022264; 0.977736; 500; 1000; 0; 
43 Time Hybrid OMP parallel dynamic non hash;213.553; 212.978; 212.625; 131.607; 47.358; 67.1734; 212.666; 12.6447; 160.317; 34.3831; 212.585; 63.8778; 147.835; 0.00123034; 0.99999; 0.02194; 0.97806; 500; 1000; 0; 
44 Time Hybrid OMP parallel dynamic non hash;281.274; 280.691; 280.316; 189.081; 55.1342; 70.9146; 280.354; 12.4482; 215.744; 45.8096; 280.283; 43.6072; 235.72; 0.00123009; 0.99999; 0.024216; 0.975784; 500; 1000; 0; 
45 Time Hybrid OMP parallel dynamic non hash;171.161; 170.596; 170.197; 102.444; 43.2251; 58.1963; 170.256; 12.1219; 119.833; 33.7718; 170.159; 80.4759; 89.0441; 0.00123013; 0.999986; 0.022076; 0.977924; 500; 1000; 0; 
46 Time Hybrid OMP parallel dynamic non hash;174.296; 173.715; 173.307; 104.545; 43.0551; 59.1959; 173.35; 12.2958; 122.522; 33.9258; 173.272; 79.9234; 92.618; 0.00123041; 1; 0.022076; 0.977924; 500; 1000; 0; 
47 Time Hybrid OMP parallel dynamic non hash;210.626; 210.067; 209.682; 128.858; 45.8127; 67.3155; 209.769; 12.4764; 157.909; 34.1324; 209.646; 68.4212; 140.592; 0.00123159; 0.999999; 0.022508; 0.977492; 500; 1000; 0; 
48 Time Hybrid OMP parallel dynamic non hash;278.651; 278.097; 277.726; 186.802; 53.7907; 70.8385; 277.762; 12.2414; 213.254; 45.9566; 277.689; 42.5814; 234.166; 0.00123007; 0.999999; 0.023516; 0.976484; 500; 1000; 0; 
49 Time Hybrid OMP parallel dynamic non hash;169.145; 168.561; 168.137; 100.377; 41.7485; 58.3171; 168.232; 12.2425; 118.185; 33.2903; 168.101; 84.2097; 83.0958; 0.0012344; 0.999987; 0.021924; 0.978076; 500; 1000; 0; 
Time Hybrid OMP parallel dynamic non hash:;9893.945900;sec
0 Time Hybrid OMP parallel thread non blocked dynamic;270.944; 203.68; 203.173; 141.342; 89.3174; 53.6561; 203.208; 116.537; 0.1491; 81.8253; 203.274; 82.1267; 120.494; 0.00212717; 1; 0.0218772; 0.975108; 684; 316; 5756; 
1 Time Hybrid OMP parallel thread non blocked dynamic;266.458; 200.386; 200.077; 127.607; 76.5076; 63.2188; 199.832; 115.051; 0.0791; 79.7634; 199.793; 79.9241; 119.173; 0.00266298; 1; 0.0215781; 0.976044; 640; 360; 5252; 
2 Time Hybrid OMP parallel thread non blocked dynamic;266.263; 202.949; 202.635; 130.18; 76.8773; 63.6081; 202.424; 115.279; 0.0758; 82.3601; 202.382; 81.5786; 120.122; 0.00167051; 1; 0.0212727; 0.976619; 638; 362; 5211; 
3 Time Hybrid OMP parallel thread non blocked dynamic;266.156; 194.971; 194.358; 122.329; 74.0439; 64.0493; 194.365; 107.627; 0.0909; 81.8506; 194.204; 78.7299; 114.825; 0.00212723; 1; 0.0212786; 0.975377; 621; 379; 5098; 
4 Time Hybrid OMP parallel thread non blocked dynamic;258.308; 195.644; 195.133; 122.532; 72.7037; 64.4092; 195.201; 110.909; 0.0822; 79.2503; 194.994; 78.8622; 115.456; 0.00135358; 1; 0.0213917; 0.975763; 628; 372; 5172; 
^C